1:ItNr	2:Metric	3a:Time	3b:StepSize	4:||Gradient||	Time[ms]
0	-0.122557	0.000000	0.904523	0.016611	371.3
1	-0.138542	0.000000	0.904523	0.013450	1.5
2	-0.126263	0.000000	0.904523	0.016243	1.5
3	-0.126471	0.000000	0.904523	0.013008	1.4
4	-0.140063	0.000000	0.904523	0.016993	2.4
5	-0.162692	0.000000	0.904523	0.020158	1.5
6	-0.129858	0.000000	0.904523	0.016357	1.4
7	-0.141110	0.996474	0.863547	0.013436	1.4
8	-0.127977	0.012018	0.904005	0.014990	1.4
9	-0.145855	0.960435	0.864964	0.009019	1.5
10	-0.158590	0.000000	0.904523	0.010851	1.4
11	-0.154676	0.000000	0.904523	0.012987	1.4
12	-0.132454	0.891115	0.867703	0.014256	1.5
13	-0.166177	0.000000	0.904523	0.014192	1.4
14	-0.139283	0.999466	0.863429	0.017501	1.5
15	-0.148597	0.015192	0.903869	0.023646	1.4
16	-0.136230	0.000000	0.904523	0.019525	1.4
17	-0.132140	1.000000	0.863408	0.013872	1.4
18	-0.140277	0.514995	0.882872	0.010941	1.4
19	-0.153464	0.000000	0.904523	0.015629	1.4
20	-0.139318	0.844042	0.869573	0.014672	1.5
21	-0.134289	1.800735	0.833086	0.018644	1.5
22	-0.157662	0.816184	0.870683	0.019773	1.4
23	-0.140711	0.000000	0.904523	0.017747	1.4
24	-0.156885	0.751114	0.873288	0.015196	1.4
25	-0.115133	0.000000	0.904523	0.014452	1.4
26	-0.141364	0.000000	0.904523	0.010659	1.4
27	-0.134471	0.000000	0.904523	0.008350	1.4
28	-0.160510	0.000000	0.904523	0.013767	1.5
29	-0.159038	0.991378	0.863747	0.013912	1.4
30	-0.152521	0.103147	0.900102	0.017111	1.3
31	-0.131030	0.000000	0.904523	0.005526	1.5
32	-0.143056	0.000000	0.904523	0.022212	1.5
33	-0.122740	0.475845	0.884481	0.020747	1.5
34	-0.150789	0.000000	0.904523	0.017334	2.0
35	-0.136857	0.000000	0.904523	0.020877	1.5
36	-0.141253	0.000000	0.904523	0.009447	1.8
37	-0.129049	0.000000	0.904523	0.019106	1.4
38	-0.127230	0.981169	0.864148	0.012213	1.4
39	-0.130336	1.853159	0.831175	0.017064	1.4
40	-0.140132	0.868609	0.868596	0.009772	1.5
41	-0.126672	1.661289	0.838213	0.026682	1.5
42	-0.130712	0.676738	0.876284	0.010996	1.4
43	-0.148386	0.000000	0.904523	0.015529	1.4
44	-0.147712	0.000000	0.904523	0.010106	1.5
45	-0.152244	0.000000	0.904523	0.015051	1.8
46	-0.145877	0.984617	0.864012	0.015295	1.6
47	-0.165384	1.982423	0.826500	0.016040	1.8
48	-0.131904	1.003389	0.863275	0.008934	2.0
49	-0.140249	1.898617	0.829525	0.014707	2.8
50	-0.143145	0.955477	0.865159	0.013273	1.6
51	-0.150279	0.000000	0.904523	0.010873	2.3
52	-0.133002	0.978810	0.864241	0.018470	2.2
53	-0.147867	0.000000	0.904523	0.016501	2.9
54	-0.143916	1.000000	0.863408	0.011270	1.6
55	-0.132438	0.016425	0.903816	0.011233	2.3
56	-0.162119	1.016194	0.862773	0.014537	1.7
57	-0.142371	0.428901	0.886419	0.010186	2.0
58	-0.148696	0.000000	0.904523	0.016707	2.4
59	-0.143971	0.999996	0.863408	0.020405	2.7
60	-0.139027	1.972884	0.826843	0.012650	2.1
61	-0.135659	0.990852	0.863767	0.012180	1.6
62	-0.142646	1.827876	0.832096	0.012025	2.6
63	-0.138068	0.843595	0.869590	0.017825	1.6
64	-0.144595	0.000000	0.904523	0.009605	1.4
65	-0.130973	0.910954	0.866917	0.015489	1.6
66	-0.139905	0.000000	0.904523	0.013048	2.1
67	-0.136674	0.957446	0.865081	0.019057	2.2
68	-0.121486	0.000000	0.904523	0.010925	1.8
69	-0.130293	0.000000	0.904523	0.016371	2.4
70	-0.159673	0.168260	0.897333	0.025545	2.0
71	-0.136711	0.000000	0.904523	0.014299	1.6
72	-0.155036	0.000000	0.904523	0.013185	2.6
73	-0.131735	0.000000	0.904523	0.011633	2.1
74	-0.134668	0.862565	0.868836	0.013994	2.4
75	-0.148818	0.000000	0.904523	0.010724	2.3
76	-0.113335	0.989404	0.863824	0.014978	1.8
77	-0.153938	1.989365	0.826251	0.019874	1.8
78	-0.132802	1.004814	0.863219	0.011274	1.8
79	-0.123934	0.020263	0.903651	0.016085	2.5
80	-0.166146	1.014507	0.862839	0.013179	2.0
81	-0.153057	1.997147	0.825971	0.022801	2.0
82	-0.134349	2.997146	0.791552	0.013894	2.6
83	-0.160211	2.012600	0.825416	0.014607	2.0
84	-0.138458	3.011968	0.791063	0.011044	1.9
85	-0.163027	2.027516	0.824882	0.010101	1.7
86	-0.142061	2.407129	0.811504	0.015893	2.7
87	-0.129562	1.423168	0.847114	0.011441	1.6
88	-0.137883	0.438624	0.886017	0.017140	1.5
89	-0.135484	1.333112	0.850530	0.014159	1.9
90	-0.140056	2.324479	0.814380	0.014182	1.5
91	-0.146583	1.349103	0.849921	0.013227	1.5
92	-0.151061	1.491383	0.844545	0.020523	1.5
93	-0.133968	2.477097	0.809086	0.015851	1.5
94	-0.119944	1.492819	0.844491	0.011598	1.5
95	-0.140524	1.263675	0.853183	0.008529	1.4
96	-0.164143	2.116565	0.821704	0.016383	1.5
97	-0.149902	1.132510	0.858239	0.012826	1.5
98	-0.140424	2.130610	0.821205	0.015831	1.5
99	-0.147024	3.130495	0.787177	0.012885	1.5
100	-0.127942	2.149257	0.820544	0.010475	1.6
101	-0.143406	2.892001	0.795035	0.015809	1.5
102	-0.152037	1.907450	0.829205	0.010199	1.5
103	-0.149628	2.884600	0.795281	0.018913	1.6
104	-0.136771	3.881394	0.763421	0.018611	1.4
105	-0.151760	2.896843	0.794874	0.013390	1.4
106	-0.142123	3.896816	0.762948	0.017796	1.6
107	-0.136918	4.162453	0.754894	0.014378	2.1
108	-0.130617	3.177901	0.785634	0.012036	2.0
109	-0.158736	2.397351	0.811843	0.020244	1.5
110	-0.162461	1.412833	0.847505	0.018342	1.5
111	-0.141658	2.412833	0.811306	0.014322	1.5
112	-0.152334	1.428301	0.846920	0.007452	1.6
113	-0.153686	1.165514	0.856961	0.017152	1.4
114	-0.146943	2.113316	0.821820	0.017078	1.4
115	-0.153092	3.113316	0.787738	0.014357	1.5
116	-0.147792	2.910537	0.794419	0.011786	1.4
117	-0.138946	1.926593	0.828513	0.012869	1.4
118	-0.140548	2.896285	0.794893	0.016285	1.4
119	-0.122307	1.911734	0.829050	0.010943	1.6
120	-0.130754	2.910158	0.794431	0.013409	1.6
121	-0.139741	3.910140	0.762540	0.013996	1.5
122	-0.161115	4.532354	0.743957	0.010723	1.6
123	-0.166997	4.676965	0.739767	0.021904	1.6
124	-0.126660	3.692457	0.769262	0.011944	1.6
125	-0.143375	3.408722	0.778205	0.018643	1.9
126	-0.138600	4.381655	0.748374	0.011381	1.6
127	-0.156047	3.602840	0.772064	0.014711	1.5
128	-0.160284	3.392005	0.778738	0.020750	1.5
129	-0.141983	2.407460	0.811493	0.012072	1.5
130	-0.129759	3.369878	0.779445	0.009847	1.5
131	-0.140246	4.368957	0.748749	0.015288	1.6
132	-0.149262	4.372195	0.748653	0.012642	1.5
133	-0.148031	5.188776	0.725310	0.016536	1.5
134	-0.148495	5.250010	0.723618	0.021538	1.5
135	-0.151601	4.265459	0.751816	0.015187	1.5
136	-0.128384	5.265458	0.723192	0.018107	1.4
137	-0.133859	6.265212	0.696675	0.013382	1.4
138	-0.136292	7.265040	0.672031	0.013865	1.4
139	-0.129430	8.264984	0.649068	0.014847	1.4
140	-0.131331	9.264979	0.627622	0.013022	1.5
141	-0.174334	10.264866	0.607550	0.011299	1.5
142	-0.150068	11.247315	0.589041	0.015866	1.4
143	-0.146251	10.359124	0.605724	0.014058	1.4
144	-0.137777	11.152935	0.590770	0.018917	1.6
145	-0.136664	10.171295	0.609374	0.025655	1.7
146	-0.132740	10.264522	0.607557	0.015169	1.8
147	-0.133726	11.264522	0.588726	0.007761	1.7
148	-0.143265	12.264297	0.571032	0.011412	1.5
149	-0.144068	11.286924	0.588318	0.019965	1.8
150	-0.142867	11.866476	0.577944	0.019363	2.0
151	-0.151319	12.866476	0.560879	0.015368	1.6
152	-0.142686	13.866262	0.544795	0.013760	2.5
153	-0.135411	14.720778	0.531763	0.018576	2.3
154	-0.164234	15.720778	0.517281	0.011532	1.8
155	-0.145706	16.720013	0.503578	0.018361	1.8
156	-0.144349	17.719992	0.490573	0.014027	1.8
157	-0.142516	18.519627	0.480647	0.009872	2.4
158	-0.127624	19.004660	0.474819	0.008096	2.2
159	-0.157972	18.175287	0.484871	0.012874	2.7
160	-0.151713	17.210645	0.497112	0.009417	2.8
161	-0.146024	18.016934	0.486839	0.018091	2.0
162	-0.144232	17.098004	0.498582	0.015585	1.6
163	-0.142322	18.098004	0.485830	0.012983	2.0
164	-0.123505	19.090508	0.473802	0.010813	2.0
165	-0.148002	18.438374	0.481637	0.013032	2.3
166	-0.140138	17.518720	0.493136	0.016453	2.4
167	-0.162399	18.518123	0.480665	0.014543	3.1
168	-0.169761	19.518123	0.468802	0.015596	1.9
169	-0.127210	20.362100	0.459236	0.024477	1.8
170	-0.136548	19.377549	0.470434	0.010535	2.0
171	-0.164271	18.392999	0.482192	0.017683	2.2
172	-0.156966	17.409798	0.494535	0.021290	2.4
173	-0.131234	18.406138	0.482031	0.013818	2.6
174	-0.134437	19.406135	0.470101	0.013532	3.1
175	-0.132044	20.379551	0.459043	0.018049	2.3
176	-0.137625	21.379546	0.448211	0.016096	1.7
177	-0.140039	22.379546	0.437879	0.014959	1.8
178	-0.136295	21.394996	0.448048	0.014118	2.1
179	-0.147149	20.874632	0.453615	0.009575	1.9
180	-0.137945	21.869833	0.443085	0.016126	1.9
181	-0.125306	21.109713	0.451083	0.014044	1.8
182	-0.143144	20.139651	0.461719	0.008771	1.8
183	-0.140996	21.136562	0.450796	0.015556	2.3
184	-0.142082	20.154887	0.461549	0.011320	2.0
185	-0.142042	21.154854	0.450600	0.010386	1.8
186	-0.165852	21.776455	0.444052	0.019955	2.8
187	-0.148032	21.313581	0.448910	0.011374	2.9
188	-0.139098	21.695558	0.444894	0.014734	1.8
189	-0.150151	22.669709	0.434969	0.014651	2.3
190	-0.155095	23.669708	0.425232	0.014886	1.9
191	-0.138621	23.119636	0.430533	0.016460	1.8
192	-0.158760	24.119620	0.420992	0.012896	1.5
193	-0.148785	23.168919	0.430053	0.013941	3.0
194	-0.136548	24.168520	0.420536	0.017495	2.0
195	-0.151808	25.168520	0.411427	0.010987	1.8
196	-0.129837	24.186973	0.420364	0.012050	1.5
197	-0.142521	25.186167	0.411270	0.016614	1.5
198	-0.155630	24.244787	0.419827	0.007012	1.5
199	-0.149905	25.243820	0.410757	0.017481	1.5
200	-0.146419	26.075552	0.403500	0.010349	1.4
201	-0.158032	27.074754	0.395113	0.008647	1.4
202	-0.149245	26.322495	0.401394	0.013478	1.7
203	-0.139428	27.315940	0.393141	0.020748	2.2
204	-0.137360	26.335196	0.401287	0.017691	2.3
205	-0.118780	25.476156	0.408704	0.010774	1.8
206	-0.138541	26.476133	0.400095	0.012681	1.5
207	-0.141477	27.459500	0.391976	0.015868	1.6
208	-0.136259	26.475167	0.400103	0.011784	1.6
209	-0.144901	25.531477	0.408218	0.015546	1.5
210	-0.143527	24.547080	0.417041	0.023872	1.5
211	-0.133938	25.547076	0.408081	0.013973	1.5
212	-0.151090	25.590820	0.407698	0.014288	1.5
213	-0.157431	24.720187	0.415462	0.013759	1.4
214	-0.148407	25.720184	0.406569	0.012934	1.5
215	-0.134514	26.719544	0.398054	0.018653	1.6
216	-0.136763	25.735018	0.406440	0.012491	1.6
217	-0.141058	24.750468	0.415187	0.017303	1.6
218	-0.152422	25.750468	0.406306	0.014412	1.5
219	-0.141705	26.750465	0.397797	0.011900	1.6
220	-0.132094	27.750465	0.389637	0.011386	1.5
221	-0.144028	28.734374	0.381929	0.015783	1.6
222	-0.131303	28.602498	0.382944	0.017935	1.5
223	-0.145132	29.595247	0.375430	0.015141	1.5
224	-0.150647	30.595247	0.368154	0.015973	1.4
225	-0.131720	29.614722	0.375286	0.017221	1.3
226	-0.132833	28.630171	0.382730	0.016439	1.4
227	-0.126174	27.829437	0.389007	0.009819	1.4
228	-0.144649	28.285132	0.385410	0.016037	1.5
229	-0.124930	29.278975	0.377792	0.024143	1.5
230	-0.152155	28.298585	0.385305	0.015082	1.5
231	-0.141005	27.314131	0.393156	0.015292	1.5
232	-0.127607	28.209081	0.386006	0.020395	1.5
233	-0.147628	27.225869	0.393875	0.014588	1.4
234	-0.155669	27.589076	0.390931	0.015203	1.5
235	-0.153693	28.589076	0.383048	0.014584	1.6
236	-0.130610	27.605721	0.390797	0.016562	1.6
237	-0.147709	26.621170	0.398877	0.013462	1.5
238	-0.129146	25.636619	0.407298	0.009259	1.5
239	-0.143006	24.717244	0.415488	0.017067	1.5
240	-0.135972	25.713148	0.406630	0.010237	1.5
241	-0.119513	24.728600	0.415385	0.012814	1.6
242	-0.133685	25.156206	0.411537	0.016461	1.6
243	-0.154822	26.141475	0.402936	0.016403	1.4
244	-0.138855	25.156924	0.411530	0.013702	1.4
245	-0.139545	26.156924	0.402804	0.014496	1.5
246	-0.152601	27.156305	0.394444	0.012747	1.4
247	-0.141363	28.155134	0.386429	0.013316	1.4
248	-0.150777	29.143438	0.378813	0.013750	1.5
249	-0.148213	30.143436	0.371406	0.016368	1.5
