1:ItNr	2:Metric	3a:Time	3b:StepSize	4:||Gradient||	Time[ms]
0	-0.148596	0.000000	1974.127238	0.005367	15501.5
1	-0.035202	0.011885	1973.010581	0.002740	9.8
2	-0.293070	0.023771	1971.895187	0.028036	9.5
3	-0.105554	0.035656	1970.781053	0.004027	9.4
4	-0.072019	0.047541	1969.668177	0.002985	11.6
5	-0.089283	0.059426	1968.556557	0.004181	10.7
6	-0.159473	0.071312	1967.446192	0.005031	12.9
7	-0.142867	0.083197	1966.337078	0.004679	11.1
8	-0.049455	0.095082	1965.229214	0.003118	11.7
9	-0.156544	0.106968	1964.122598	0.004633	10.9
10	-0.059025	0.118853	1963.017227	0.003825	9.9
11	-0.123176	0.130738	1961.913100	0.005698	7.9
12	-0.143001	0.142623	1960.810214	0.009538	9.0
13	-0.042897	0.154509	1959.708568	0.002534	9.8
14	-0.076339	0.166394	1958.608158	0.003342	9.5
15	-0.089168	0.178279	1957.508984	0.003665	10.3
16	-0.194925	0.190165	1956.411043	0.009376	9.3
17	-0.261179	0.202050	1955.314332	0.008894	8.5
18	-0.302914	0.213935	1954.218851	0.016112	9.9
19	-0.131499	0.225820	1953.124596	0.004675	10.0
20	-0.133943	0.237706	1952.031567	0.007006	10.8
21	-0.037058	0.249591	1950.939759	0.002508	11.4
22	-0.168419	0.261476	1949.849173	0.005625	17.4
23	-0.112422	0.273362	1948.759805	0.003902	17.1
24	-0.131667	0.285247	1947.671654	0.004254	14.6
25	-0.190676	0.297132	1946.584717	0.007190	13.6
26	-0.164615	0.309017	1945.498993	0.004619	11.6
27	-0.158675	0.320903	1944.414479	0.005545	11.9
28	-0.138715	0.332788	1943.331173	0.004682	11.7
29	-0.030912	0.344673	1942.249075	0.003105	10.9
30	-0.115668	0.356559	1941.168180	0.008126	9.5
31	-0.069113	0.368444	1940.088488	0.002637	8.9
32	-0.032939	0.380329	1939.009996	0.002327	9.4
33	-0.251315	0.392214	1937.932703	0.009364	8.4
34	-0.244395	0.404100	1936.856606	0.010951	7.9
35	-0.273865	0.415985	1935.781703	0.006414	7.9
36	-0.128560	0.427870	1934.707993	0.003383	7.9
37	-0.067014	0.439756	1933.635473	0.004541	6.7
38	-0.145251	0.451641	1932.564142	0.008794	8.6
39	-0.279213	0.463526	1931.493998	0.009089	10.1
40	-0.158201	0.475411	1930.425037	0.011129	9.2
41	-0.111147	0.487297	1929.357260	0.004792	10.9
42	-0.097987	0.499182	1928.290663	0.003735	10.7
43	-0.088155	0.511067	1927.225244	0.003760	9.6
44	-0.090506	0.522953	1926.161002	0.005496	12.1
45	-0.155447	0.534838	1925.097935	0.004782	11.5
46	-0.396241	0.546723	1924.036041	0.013593	10.0
47	-0.388773	0.558608	1922.975318	0.019573	11.3
48	-0.074852	0.570494	1921.915763	0.003018	11.7
49	-0.040681	0.582379	1920.857376	0.002836	9.1
50	-0.039884	0.594264	1919.800153	0.001529	9.5
51	-0.090792	0.606150	1918.744094	0.002926	9.2
52	-0.210334	0.618035	1917.689196	0.006177	8.0
53	-0.185458	0.629920	1916.635457	0.005142	8.3
54	-0.051069	0.641805	1915.582876	0.005187	8.3
55	-0.077831	0.653691	1914.531450	0.002496	9.6
56	-0.057631	0.665576	1913.481177	0.003805	8.9
57	-0.117800	0.677461	1912.432057	0.003892	8.8
58	-0.123561	0.689347	1911.384086	0.004811	9.6
59	-0.108406	0.701232	1910.337263	0.005866	8.8
60	-0.063474	0.713117	1909.291586	0.003207	9.6
61	-0.134739	0.725003	1908.247053	0.004964	10.5
62	-0.075659	0.736888	1907.203662	0.003719	9.7
63	-0.164167	0.748773	1906.161412	0.006996	10.6
64	-0.060947	0.760658	1905.120301	0.003985	10.5
65	-0.157281	0.772544	1904.080326	0.008948	8.4
66	-0.238838	0.784429	1903.041485	0.004924	10.4
67	-0.061495	0.796314	1902.003778	0.002679	9.1
68	-0.187781	0.808200	1900.967202	0.005025	10.4
69	-0.393680	0.820085	1899.931755	0.009381	11.0
70	-0.380700	0.831970	1898.897435	0.008586	7.9
71	-0.170813	0.843855	1897.864241	0.004766	9.0
72	-0.061948	0.855741	1896.832171	0.004314	7.4
73	-0.197278	0.867626	1895.801222	0.003798	9.6
74	-0.196343	0.879511	1894.771394	0.004394	7.9
75	-0.069652	0.891397	1893.742684	0.002945	9.0
76	-0.202765	0.903282	1892.715090	0.012409	8.4
77	-0.132830	0.915167	1891.688611	0.003492	8.1
78	-0.050532	0.927052	1890.663245	0.002765	8.2
79	-0.449714	0.938938	1889.638989	0.010546	7.5
80	-0.276838	0.950823	1888.615843	0.010048	8.5
81	-0.096106	0.962708	1887.593804	0.002674	12.0
82	-0.079646	0.974594	1886.572871	0.002750	11.0
83	-0.102797	0.986479	1885.553041	0.003697	9.8
84	-0.125391	0.998364	1884.534314	0.004006	12.0
85	-0.347232	1.010249	1883.516687	0.018182	11.2
86	-0.235167	1.022135	1882.500158	0.007773	11.7
87	-0.047879	1.034020	1881.484725	0.003385	11.8
88	-0.147339	1.045905	1880.470388	0.003847	10.1
89	-0.213427	1.057791	1879.457144	0.005280	10.5
90	-0.042166	1.069676	1878.444991	0.002443	12.0
91	-0.082423	1.081561	1877.433927	0.003126	9.0
92	-0.120529	1.093446	1876.423952	0.006529	7.8
93	-0.349427	1.105332	1875.415062	0.008471	8.5
94	-0.067301	1.117217	1874.407257	0.002940	7.8
95	-0.197797	1.129102	1873.400535	0.004886	9.2
96	-0.212001	1.140988	1872.394893	0.005700	8.7
97	-0.049859	1.152873	1871.390330	0.003283	7.9
98	-0.116706	1.164758	1870.386845	0.005599	8.3
99	-0.076912	1.176643	1869.384435	0.003247	7.5
100	-0.079976	1.188529	1868.383099	0.003264	10.1
101	-0.069769	1.200414	1867.382835	0.003230	8.9
102	-0.133753	1.212299	1866.383642	0.004536	10.8
103	-0.067802	1.224185	1865.385517	0.002740	13.3
104	-0.315643	1.236070	1864.388460	0.005893	11.0
105	-0.119286	1.247955	1863.392467	0.005360	12.6
106	-0.266943	1.259840	1862.397539	0.006181	13.6
107	-0.120151	1.271726	1861.403672	0.002980	13.0
108	-0.221192	1.283611	1860.410865	0.006895	14.2
109	-0.060092	1.295496	1859.419117	0.003255	16.0
110	-0.171461	1.307382	1858.428426	0.003854	13.8
111	-0.147555	1.319267	1857.438790	0.003810	15.8
112	-0.240923	1.331152	1856.450207	0.010824	11.5
113	-0.236810	1.343037	1855.462676	0.004744	9.6
114	-0.203910	1.354923	1854.476195	0.005344	10.3
115	-0.055235	1.366808	1853.490762	0.004410	10.0
116	-0.408121	1.378693	1852.506376	0.009740	9.8
117	-0.139466	1.390579	1851.523035	0.003726	10.3
118	-0.107445	1.402464	1850.540738	0.004262	9.2
119	-0.203241	1.414349	1849.559482	0.007370	9.9
120	-0.051441	1.426234	1848.579267	0.003258	11.0
121	-0.416920	1.438120	1847.600089	0.006483	11.5
122	-0.292627	1.450005	1846.621949	0.006859	11.9
123	-0.041529	1.461890	1845.644844	0.003833	11.6
124	-0.166238	1.473776	1844.668772	0.006547	14.1
125	-0.276930	1.485661	1843.693732	0.005319	11.8
126	-0.244259	1.497546	1842.719722	0.005034	10.1
127	-0.279333	1.509431	1841.746741	0.006623	13.8
128	-0.341900	1.521317	1840.774787	0.006166	11.3
129	-0.183127	1.533202	1839.803858	0.003714	11.6
130	-0.173170	1.545087	1838.833953	0.004902	9.1
131	-0.071766	1.556973	1837.865070	0.002756	9.5
132	-0.158876	1.568858	1836.897207	0.006168	9.7
133	-0.131149	1.580743	1835.930363	0.004447	8.3
134	-0.151169	1.592628	1834.964537	0.005093	8.3
135	-0.257976	1.604514	1833.999726	0.010606	7.8
136	-0.099969	1.616399	1833.035929	0.003813	8.1
137	-0.331914	1.628284	1832.073145	0.006449	7.6
138	-0.120652	1.640170	1831.111371	0.010368	7.0
139	-0.058446	1.652055	1830.150607	0.002597	7.3
140	-0.245257	1.663940	1829.190851	0.004608	8.5
141	-0.316964	1.675825	1828.232100	0.005896	8.4
142	-0.298129	1.687711	1827.274354	0.004510	8.7
143	-0.162429	1.699596	1826.317611	0.009570	8.9
144	-0.072247	1.711481	1825.361869	0.003342	9.6
145	-0.097880	1.723367	1824.407128	0.003677	11.1
146	-0.357747	1.735252	1823.453384	0.006373	9.4
147	-0.056259	1.747137	1822.500637	0.002650	10.3
148	-0.287736	1.759022	1821.548885	0.022472	9.5
149	-0.030582	1.770908	1820.598127	0.002973	10.0
150	-0.149945	1.782793	1819.648360	0.006205	10.3
151	-0.344211	1.794678	1818.699584	0.009794	8.6
152	-0.184105	1.806564	1817.751797	0.004538	9.9
153	-0.056421	1.818449	1816.804997	0.002431	8.5
154	-0.091502	1.830334	1815.859184	0.005841	8.1
155	-0.185867	1.842219	1814.914354	0.004462	7.1
156	-0.258615	1.854105	1813.970507	0.012225	8.5
157	-0.059641	1.865990	1813.027641	0.003044	8.3
158	-0.139219	1.877875	1812.085755	0.005560	7.1
159	-0.137410	1.889761	1811.144847	0.004053	7.5
160	-0.058568	1.901646	1810.204915	0.003645	7.8
161	-0.127123	1.913531	1809.265959	0.004252	7.2
162	-0.124553	1.925416	1808.327976	0.007285	7.3
163	-0.063225	1.937302	1807.390966	0.003366	6.3
164	-0.131517	1.949187	1806.454926	0.004231	7.8
165	-0.043711	1.961072	1805.519854	0.003342	8.5
166	-0.066229	1.972958	1804.585751	0.002188	9.5
167	-0.077503	1.984843	1803.652613	0.002889	9.1
168	-0.051537	1.996728	1802.720440	0.003345	11.1
169	-0.187783	2.008613	1801.789230	0.003833	10.0
170	-0.263067	2.020499	1800.858982	0.007217	10.0
171	-0.063010	2.032384	1799.929694	0.002615	11.3
172	-0.043124	2.044269	1799.001364	0.002400	9.3
173	-0.169317	2.056155	1798.073991	0.003350	10.3
174	-0.167373	2.068040	1797.147574	0.004348	10.9
175	-0.294457	2.079925	1796.222111	0.009912	9.4
176	-0.082371	2.091811	1795.297601	0.006035	9.6
177	-0.115421	2.103696	1794.374042	0.002581	8.7
178	-0.070170	2.115581	1793.451433	0.002788	9.3
179	-0.105724	2.127466	1792.529772	0.004147	7.9
180	-0.138853	2.139352	1791.609057	0.004771	9.2
181	-0.030640	2.151237	1790.689289	0.001650	8.5
182	-0.237955	2.163122	1789.770464	0.006212	7.9
183	-0.043624	2.175008	1788.852581	0.002134	8.2
184	-0.063068	2.186893	1787.935639	0.003019	8.3
185	-0.315108	2.198778	1787.019637	0.007193	8.2
186	-0.426682	2.210663	1786.104573	0.008227	8.0
187	-0.053356	2.222549	1785.190446	0.002728	10.0
188	-0.098199	2.234434	1784.277254	0.004677	9.4
189	-0.255430	2.246319	1783.364996	0.003742	9.9
190	-0.040170	2.258205	1782.453670	0.002183	11.4
191	-0.060489	2.270090	1781.543275	0.002815	12.4
192	-0.161453	2.281975	1780.633809	0.008044	10.5
193	-0.307295	2.293860	1779.725272	0.007690	10.5
194	-0.312970	2.305746	1778.817661	0.011983	10.2
195	-0.264533	2.317631	1777.910976	0.008221	9.8
196	-0.343941	2.329516	1777.005214	0.005788	10.6
197	-0.307949	2.341402	1776.100375	0.005680	10.4
198	-0.224384	2.353287	1775.196456	0.005715	8.2
199	-0.124106	2.365172	1774.293458	0.003525	9.5
