1:ItNr	2:Metric	3a:Time	3b:StepSize	4:||Gradient||	Time[ms]
0	-0.147399	0.000000	386.900038	0.004341	740.2
1	-0.098164	0.139121	384.353776	0.002118	2.4
2	-0.064539	0.278241	381.840809	0.001723	2.4
3	-0.205705	0.417362	379.360489	0.006075	2.3
4	-0.130875	0.556482	376.912184	0.003808	2.2
5	-0.181337	0.695603	374.495278	0.003809	2.0
6	-0.085578	0.834723	372.109171	0.001920	2.3
7	-0.113223	0.973844	369.753278	0.002834	2.2
8	-0.187862	1.112964	367.427028	0.006581	2.0
9	-0.131310	1.252085	365.129865	0.002146	2.1
10	-0.159895	1.391206	362.861248	0.001287	1.9
11	-0.089117	1.530326	360.620648	0.001657	2.2
12	-0.216051	1.669447	358.407548	0.002836	1.9
13	-0.227873	1.808567	356.221446	0.003937	1.8
14	-0.070838	1.947688	354.061851	0.001834	2.1
15	-0.120824	2.086808	351.928282	0.001610	2.2
16	-0.117945	2.225929	349.820274	0.005573	2.2
17	-0.203681	2.365049	347.737368	0.002097	2.2
18	-0.204973	2.504170	345.679120	0.003733	2.3
19	-0.159575	2.643291	343.645094	0.002669	1.8
20	-0.188676	2.782411	341.634865	0.006284	2.1
21	-0.101275	2.921532	339.648017	0.001549	2.2
22	-0.093036	3.060652	337.684146	0.004308	2.3
23	-0.114859	3.199773	335.742855	0.005101	2.2
24	-0.165908	3.338893	333.823757	0.003790	2.5
25	-0.134195	3.478014	331.926473	0.003914	2.2
26	-0.297846	3.617134	330.050633	0.008218	1.9
27	-0.159164	3.756255	328.195876	0.008149	2.1
28	-0.100432	3.895376	326.361849	0.001202	2.7
29	-0.141424	4.034496	324.548206	0.001972	2.3
30	-0.149970	4.173617	322.754609	0.001883	2.6
31	-0.208779	4.312737	320.980728	0.003573	2.5
32	-0.109405	4.451858	319.226238	0.001955	2.2
33	-0.103082	4.590978	317.490824	0.002207	2.6
34	-0.312922	4.730099	315.774177	0.008824	2.3
35	-0.112939	4.869219	314.075994	0.004344	2.6
36	-0.119930	5.008340	312.395978	0.001054	2.5
37	-0.130357	5.147461	310.733839	0.001602	2.6
38	-0.284586	5.286581	309.089295	0.010168	2.0
39	-0.220924	5.425702	307.462065	0.003402	1.9
40	-0.129414	5.564822	305.851880	0.004015	1.7
41	-0.188314	5.703943	304.258471	0.005964	2.1
42	-0.155783	5.843063	302.681580	0.004941	1.8
43	-0.175812	5.982184	301.120949	0.002551	1.8
44	-0.094539	6.121304	299.576329	0.002469	1.8
45	-0.279439	6.260425	298.047474	0.007813	1.9
46	-0.164174	6.399546	296.534145	0.002687	1.9
47	-0.113254	6.538666	295.036106	0.001393	2.3
48	-0.136183	6.677787	293.553127	0.003111	2.0
49	-0.115024	6.816907	292.084981	0.003124	2.2
50	-0.105524	6.956028	290.631447	0.002525	1.8
51	-0.195760	7.095148	289.192309	0.002405	1.9
52	-0.087914	7.234269	287.767353	0.000800	2.1
53	-0.281800	7.373389	286.356370	0.004240	1.8
54	-0.313142	7.512510	284.959157	0.002546	1.7
55	-0.081464	7.651630	283.575512	0.001743	2.0
56	-0.133156	7.790751	282.205240	0.001842	2.0
57	-0.158902	7.929872	280.848146	0.003148	1.9
58	-0.229327	8.068992	279.504042	0.008650	1.7
59	-0.077988	8.208113	278.172742	0.003093	2.3
60	-0.142361	8.347233	276.854064	0.005913	2.2
61	-0.145059	8.486354	275.547830	0.003149	2.3
62	-0.073138	8.625474	274.253863	0.003933	2.2
63	-0.185733	8.764595	272.971993	0.006892	2.0
64	-0.100187	8.903715	271.702050	0.001841	2.1
65	-0.423188	9.042836	270.443868	0.007428	1.8
66	-0.100847	9.181957	269.197286	0.001089	2.5
67	-0.115608	9.321077	267.962143	0.003798	2.1
68	-0.387839	9.460198	266.738282	0.017033	1.8
69	-0.183359	9.599318	265.525550	0.004316	2.0
70	-0.145619	9.738439	264.323795	0.004515	2.0
71	-0.116571	9.877559	263.132869	0.002074	2.1
72	-0.215372	10.016680	261.952627	0.007010	1.8
73	-0.139670	10.155800	260.782926	0.002886	2.2
74	-0.181346	10.294921	259.623624	0.001608	2.0
75	-0.222636	10.434042	258.474583	0.005302	2.0
76	-0.094270	10.573162	257.335669	0.006842	2.4
77	-0.120796	10.712283	256.206747	0.002581	2.0
78	-0.173117	10.851403	255.087687	0.001338	1.9
79	-0.064662	10.990524	253.978361	0.000645	2.5
80	-0.164107	11.129644	252.878641	0.008085	2.1
81	-0.157868	11.268765	251.788403	0.003862	2.0
82	-0.293217	11.407885	250.707526	0.004535	1.8
83	-0.158532	11.547006	249.635889	0.004458	2.0
84	-0.081031	11.686127	248.573375	0.001553	2.3
85	-0.154165	11.825247	247.519867	0.003124	2.1
86	-0.121036	11.964368	246.475251	0.003377	1.9
87	-0.240672	12.103488	245.439415	0.007284	1.9
88	-0.152932	12.242609	244.412250	0.001099	2.5
89	-0.175056	12.381729	243.393645	0.004903	1.9
90	-0.186904	12.520850	242.383496	0.001871	1.8
91	-0.103226	12.659970	241.381697	0.001819	1.9
92	-0.497771	12.799091	240.388145	0.015143	1.7
93	-0.084235	12.938212	239.402739	0.003394	2.0
94	-0.111708	13.077332	238.425378	0.002758	2.4
95	-0.103687	13.216453	237.455965	0.004887	2.4
96	-0.487576	13.355573	236.494404	0.007179	1.9
97	-0.114760	13.494694	235.540598	0.004448	2.1
98	-0.075044	13.633814	234.594455	0.002225	2.3
99	-0.194621	13.772935	233.655883	0.006090	1.8
100	-0.076185	13.912055	232.724791	0.002050	2.0
101	-0.152416	14.051176	231.801090	0.001659	1.7
102	-0.095135	14.190297	230.884692	0.001722	2.1
103	-0.128118	14.329417	229.975512	0.003453	2.4
104	-0.081831	14.468538	229.073464	0.001473	2.5
105	-0.095347	14.607658	228.178465	0.001334	2.3
106	-0.363258	14.746779	227.290432	0.012706	2.0
107	-0.112156	14.885899	226.409285	0.001417	2.5
108	-0.172516	15.025020	225.534943	0.003945	2.1
109	-0.102816	15.164140	224.667328	0.001483	2.3
110	-0.087286	15.303261	223.806363	0.001243	2.3
111	-0.177052	15.442382	222.951971	0.004979	2.3
112	-0.210052	15.581502	222.104078	0.003100	2.5
113	-0.184113	15.720623	221.262610	0.004942	2.5
114	-0.294073	15.859743	220.427493	0.006849	2.1
115	-0.101746	15.998864	219.598657	0.001854	2.6
116	-0.089970	16.137984	218.776031	0.001598	2.8
117	-0.110519	16.277105	217.959544	0.003155	2.7
118	-0.232230	16.416225	217.149130	0.003887	1.8
119	-0.197035	16.555346	216.344720	0.009402	2.0
120	-0.224533	16.694467	215.546247	0.001675	1.9
121	-0.086164	16.833587	214.753647	0.002323	2.5
122	-0.203425	16.972708	213.966854	0.003675	2.1
123	-0.177542	17.111828	213.185806	0.001802	2.3
124	-0.249196	17.250949	212.410439	0.010411	2.0
125	-0.064004	17.390069	211.640691	0.001445	2.6
126	-0.210896	17.529190	210.876502	0.005850	2.0
127	-0.150790	17.668310	210.117813	0.010499	2.0
128	-0.248611	17.807431	209.364562	0.002751	2.3
129	-0.108406	17.946552	208.616693	0.004361	2.1
130	-0.306087	18.085672	207.874148	0.007510	1.9
131	-0.267369	18.224793	207.136871	0.010620	1.9
132	-0.133120	18.363913	206.404804	0.005090	2.0
133	-0.142740	18.503034	205.677894	0.002068	2.6
134	-0.121186	18.642154	204.956086	0.003303	2.1
135	-0.231638	18.781275	204.239327	0.006306	1.8
136	-0.066199	18.920395	203.527563	0.002082	2.4
137	-0.275145	19.059516	202.820743	0.003671	1.9
138	-0.135972	19.198637	202.118816	0.005645	2.1
139	-0.188514	19.337757	201.421730	0.001933	2.0
140	-0.094827	19.476878	200.729436	0.003863	2.4
141	-0.247241	19.615998	200.041884	0.012656	1.7
142	-0.241382	19.755119	199.359027	0.008647	1.7
143	-0.200519	19.894239	198.680815	0.004906	1.8
144	-0.260275	20.033360	198.007203	0.004211	1.6
145	-0.232375	20.172480	197.338142	0.003275	1.7
146	-0.268499	20.311601	196.673588	0.004346	1.7
147	-0.140776	20.450722	196.013495	0.001582	2.1
148	-0.142944	20.589842	195.357818	0.006361	2.3
149	-0.286522	20.728963	194.706513	0.005529	2.1
150	-0.127515	20.868083	194.059536	0.001447	2.2
151	-0.075129	21.007204	193.416845	0.001878	2.1
152	-0.075078	21.146324	192.778396	0.001817	2.1
153	-0.089737	21.285445	192.144149	0.001005	2.2
154	-0.100957	21.424565	191.514061	0.001990	2.2
155	-0.222905	21.563686	190.888092	0.001908	2.2
156	-0.111254	21.702806	190.266202	0.004576	2.0
157	-0.106870	21.841927	189.648351	0.001808	1.9
158	-0.105000	21.981048	189.034499	0.002731	2.1
159	-0.137505	22.120168	188.424608	0.004112	2.2
160	-0.157284	22.259289	187.818641	0.002453	2.3
161	-0.142546	22.398409	187.216558	0.001773	2.4
162	-0.208929	22.537530	186.618323	0.002060	2.1
163	-0.072210	22.676650	186.023899	0.003177	2.7
164	-0.139861	22.815771	185.433250	0.001012	2.2
165	-0.166062	22.954891	184.846340	0.004908	2.2
166	-0.180408	23.094012	184.263133	0.006822	2.1
167	-0.873232	23.233133	183.683595	0.008903	1.8
168	-0.146203	23.372253	183.107691	0.001619	2.4
169	-0.165296	23.511374	182.535386	0.002492	2.2
170	-0.133056	23.650494	181.966649	0.002280	2.4
171	-0.075897	23.789615	181.401444	0.002115	2.1
172	-0.082808	23.928735	180.839739	0.002016	2.7
173	-0.117006	24.067856	180.281503	0.003328	3.2
174	-0.127563	24.206976	179.726702	0.002449	2.7
175	-0.247016	24.346097	179.175306	0.007794	2.3
176	-0.117882	24.485218	178.627282	0.004192	2.7
177	-0.061852	24.624338	178.082601	0.001214	2.8
178	-0.178993	24.763459	177.541231	0.003537	2.2
179	-0.483966	24.902579	177.003143	0.014396	2.0
180	-0.159371	25.041700	176.468307	0.004020	2.1
181	-0.105368	25.180820	175.936693	0.002218	2.8
182	-0.130353	25.319941	175.408272	0.002906	3.3
183	-0.117498	25.459061	174.883016	0.001968	3.5
184	-0.081182	25.598182	174.360897	0.002636	3.2
185	-0.609250	25.737303	173.841885	0.009563	2.9
186	-0.123383	25.876423	173.325955	0.001081	3.4
187	-0.126801	26.015544	172.813078	0.001445	3.5
188	-0.337718	26.154664	172.303227	0.006237	2.6
189	-0.291498	26.293785	171.796375	0.012434	2.2
190	-0.179044	26.432905	171.292497	0.000955	2.4
191	-0.101296	26.572026	170.791566	0.001818	2.6
192	-0.127285	26.711146	170.293556	0.003282	2.6
193	-0.172857	26.850267	169.798442	0.002601	3.1
194	-0.194375	26.989388	169.306199	0.002089	3.5
195	-0.173672	27.128508	168.816801	0.003260	2.5
196	-0.170193	27.267629	168.330225	0.003721	2.5
197	-0.060075	27.406749	167.846446	0.002908	2.5
198	-0.120785	27.545870	167.365439	0.001763	2.8
199	-0.517418	27.684990	166.887181	0.008663	2.6
