1:ItNr	2:Metric	3a:Time	3b:StepSize	4:||Gradient||	Time[ms]
0	-0.044987	0.000000	367.013004	0.003175	809.9
1	-0.051625	0.016879	366.718250	0.001832	2.3
2	-0.083984	0.033758	366.423969	0.002215	2.1
3	-0.103435	0.050637	366.130161	0.004193	2.0
4	-0.061218	0.067516	365.836823	0.004766	2.3
5	-0.034863	0.084395	365.543954	0.001540	2.5
6	-0.028761	0.101274	365.251554	0.001682	2.6
7	-0.072692	0.118153	364.959622	0.005591	2.4
8	-0.037161	0.135032	364.668156	0.002107	2.7
9	-0.039902	0.151911	364.377155	0.002189	2.6
10	-0.054182	0.168790	364.086618	0.001900	2.6
11	-0.043129	0.185669	363.796544	0.002261	2.6
12	-0.071234	0.202548	363.506932	0.005950	2.8
13	-0.043504	0.219427	363.217781	0.002005	2.8
14	-0.048881	0.236306	362.929089	0.002786	2.4
15	-0.059892	0.253185	362.640856	0.003051	2.4
16	-0.094123	0.270064	362.353080	0.004849	2.2
17	-0.071220	0.286943	362.065761	0.004281	2.8
18	-0.139156	0.303822	361.778897	0.006481	2.2
19	-0.107054	0.320701	361.492487	0.006838	2.4
20	-0.059654	0.337580	361.206530	0.002649	2.4
21	-0.057803	0.354459	360.921026	0.001989	2.4
22	-0.033198	0.371338	360.635972	0.002004	2.3
23	-0.113693	0.388217	360.351368	0.006105	2.5
24	-0.167228	0.405095	360.067213	0.011322	2.4
25	-0.075387	0.421974	359.783506	0.002803	3.1
26	-0.072705	0.438853	359.500246	0.003414	3.1
27	-0.100241	0.455732	359.217431	0.004129	3.0
28	-0.081006	0.472611	358.935061	0.004524	3.0
29	-0.192694	0.489490	358.653135	0.008085	2.2
30	-0.143739	0.506369	358.371651	0.003947	2.7
31	-0.177381	0.523248	358.090608	0.007632	2.0
32	-0.040863	0.540127	357.810006	0.001528	2.6
33	-0.142011	0.557006	357.529843	0.006411	2.1
34	-0.083409	0.573885	357.250119	0.003829	2.7
35	-0.085180	0.590764	356.970832	0.003119	2.6
36	-0.197083	0.607643	356.691982	0.008547	2.3
37	-0.071543	0.624522	356.413567	0.003251	2.5
38	-0.153234	0.641401	356.135586	0.007087	2.3
39	-0.043715	0.658280	355.858038	0.002185	2.7
40	-0.089761	0.675159	355.580923	0.003003	2.5
41	-0.061798	0.692038	355.304238	0.001855	2.6
42	-0.076805	0.708917	355.027985	0.007750	2.1
43	-0.088930	0.725796	354.752160	0.002680	2.3
44	-0.091719	0.742675	354.476764	0.004538	2.4
45	-0.069373	0.759554	354.201794	0.002499	2.7
46	-0.087848	0.776433	353.927252	0.003904	1.9
47	-0.107236	0.793312	353.653134	0.007030	2.0
48	-0.089371	0.810191	353.379441	0.002161	2.7
49	-0.042444	0.827070	353.106171	0.000980	2.3
50	-0.062576	0.843949	352.833323	0.003734	2.5
51	-0.079878	0.860828	352.560897	0.003464	2.6
52	-0.227634	0.877707	352.288891	0.012190	2.1
53	-0.187253	0.894586	352.017304	0.008154	2.1
54	-0.112358	0.911465	351.746136	0.004646	2.1
55	-0.105609	0.928344	351.475385	0.003277	2.2
56	-0.108881	0.945223	351.205051	0.003016	2.6
57	-0.096687	0.962102	350.935132	0.004747	2.0
58	-0.065138	0.978981	350.665628	0.002782	2.3
59	-0.106701	0.995860	350.396537	0.004335	2.1
60	-0.074285	1.012739	350.127859	0.002425	2.7
61	-0.093561	1.029618	349.859593	0.004908	2.5
62	-0.102744	1.046497	349.591738	0.002559	2.1
63	-0.129550	1.063376	349.324292	0.004465	2.0
64	-0.168825	1.080255	349.057256	0.005572	2.1
65	-0.079963	1.097134	348.790627	0.001813	2.5
66	-0.035506	1.114013	348.524405	0.001486	2.0
67	-0.057940	1.130892	348.258590	0.002224	2.3
68	-0.077997	1.147771	347.993179	0.002526	2.3
69	-0.096695	1.164650	347.728173	0.005599	2.1
70	-0.059460	1.181528	347.463570	0.002145	2.7
71	-0.169473	1.198407	347.199370	0.009804	2.1
72	-0.066536	1.215286	346.935571	0.002665	2.4
73	-0.116898	1.232165	346.672172	0.004507	2.2
74	-0.072650	1.249044	346.409174	0.002194	2.5
75	-0.124010	1.265923	346.146573	0.002144	2.1
76	-0.051158	1.282802	345.884371	0.002192	2.0
77	-0.118417	1.299681	345.622566	0.005090	2.2
78	-0.146086	1.316560	345.361157	0.003806	2.3
79	-0.037255	1.333439	345.100143	0.003816	2.5
80	-0.150854	1.350318	344.839523	0.008585	2.2
81	-0.076438	1.367197	344.579296	0.002574	2.0
82	-0.091776	1.384076	344.319462	0.004643	2.4
83	-0.353447	1.400955	344.060019	0.025548	2.0
84	-0.107093	1.417834	343.800968	0.005447	2.4
85	-0.046065	1.434713	343.542305	0.001688	2.6
86	-0.111611	1.451592	343.284032	0.003288	2.2
87	-0.163941	1.468471	343.026147	0.007957	2.0
88	-0.092700	1.485350	342.768649	0.002570	2.5
89	-0.076366	1.502229	342.511538	0.004712	2.3
90	-0.076882	1.519108	342.254812	0.003176	2.6
91	-0.055579	1.535987	341.998470	0.002512	2.6
92	-0.036054	1.552866	341.742512	0.003590	2.6
93	-0.110681	1.569745	341.486937	0.004403	2.6
94	-0.055861	1.586624	341.231744	0.002658	4.3
95	-0.110511	1.603503	340.976932	0.005241	2.8
96	-0.136007	1.620382	340.722500	0.005138	2.8
97	-0.043073	1.637261	340.468448	0.002237	2.6
98	-0.069395	1.654140	340.214774	0.003422	2.6
99	-0.060288	1.671019	339.961478	0.002238	2.9
100	-0.072557	1.687898	339.708559	0.003078	2.7
101	-0.078982	1.704777	339.456016	0.003975	2.5
102	-0.136172	1.721656	339.203848	0.006551	2.8
103	-0.069506	1.738535	338.952055	0.002137	3.1
104	-0.049035	1.755414	338.700635	0.002925	3.4
105	-0.266403	1.772293	338.449588	0.011790	3.2
106	-0.061731	1.789172	338.198912	0.002737	2.7
107	-0.055049	1.806051	337.948608	0.002084	3.6
108	-0.069559	1.822930	337.698674	0.002439	3.0
109	-0.133687	1.839809	337.449109	0.008900	2.8
110	-0.078126	1.856688	337.199913	0.002876	3.7
111	-0.392575	1.873567	336.951085	0.023065	2.3
112	-0.126277	1.890446	336.702624	0.003606	2.6
113	-0.070761	1.907325	336.454528	0.005422	2.8
114	-0.047882	1.924204	336.206799	0.003378	3.0
115	-0.108612	1.941083	335.959433	0.003816	4.0
116	-0.063789	1.957961	335.712432	0.002609	3.6
117	-0.059933	1.974840	335.465793	0.001996	3.5
118	-0.158745	1.991719	335.219517	0.004512	2.5
119	-0.086583	2.008598	334.973602	0.002871	3.0
120	-0.107434	2.025477	334.728047	0.005041	2.7
121	-0.051041	2.042356	334.482852	0.003263	4.0
122	-0.136906	2.059235	334.238016	0.005686	2.8
123	-0.073980	2.076114	333.993538	0.002695	3.1
124	-0.062708	2.092993	333.749418	0.003201	3.5
125	-0.037371	2.109872	333.505654	0.002138	3.6
126	-0.129897	2.126751	333.262246	0.003127	2.6
127	-0.114615	2.143630	333.019194	0.002861	3.3
128	-0.182067	2.160509	332.776495	0.010324	5.3
129	-0.081284	2.177388	332.534150	0.002761	3.9
130	-0.155534	2.194267	332.292157	0.004018	3.8
131	-0.053032	2.211146	332.050517	0.001859	3.3
132	-0.116158	2.228025	331.809228	0.003607	2.7
133	-0.114953	2.244904	331.568289	0.004963	3.6
134	-0.144526	2.261783	331.327700	0.002948	2.9
135	-0.037660	2.278662	331.087459	0.002193	2.8
136	-0.088120	2.295541	330.847567	0.002520	4.6
137	-0.131104	2.312420	330.608022	0.007646	3.1
138	-0.125423	2.329299	330.368824	0.003014	2.7
139	-0.105274	2.346178	330.129972	0.004309	3.7
140	-0.239533	2.363057	329.891465	0.006152	3.7
141	-0.052661	2.379936	329.653302	0.002933	3.2
142	-0.071568	2.396815	329.415483	0.002760	3.2
143	-0.108457	2.413694	329.178006	0.002676	2.8
144	-0.092582	2.430573	328.940872	0.005265	3.3
145	-0.157153	2.447452	328.704080	0.007978	4.5
146	-0.085198	2.464331	328.467627	0.002788	2.5
147	-0.078158	2.481210	328.231515	0.001811	3.1
148	-0.678933	2.498089	327.995742	0.033263	2.6
149	-0.159606	2.514968	327.760308	0.005897	3.1
150	-0.072810	2.531847	327.525211	0.003139	3.8
151	-0.104689	2.548726	327.290452	0.004056	3.2
152	-0.099307	2.565605	327.056028	0.005513	3.0
153	-0.162815	2.582484	326.821940	0.012878	3.1
154	-0.056227	2.599363	326.588188	0.002909	4.4
155	-0.101819	2.616242	326.354769	0.003607	3.4
156	-0.056893	2.633121	326.121683	0.001878	3.7
157	-0.091452	2.650000	325.888931	0.002248	3.3
158	-0.337132	2.666879	325.656510	0.037184	2.5
159	-0.038565	2.683758	325.424421	0.001762	4.8
160	-0.133541	2.700637	325.192662	0.003794	2.5
161	-0.062905	2.717516	324.961233	0.003837	3.1
162	-0.118121	2.734395	324.730133	0.003855	3.2
163	-0.119521	2.751273	324.499362	0.006628	4.5
164	-0.063760	2.768152	324.268918	0.004161	3.5
165	-0.121814	2.785031	324.038802	0.005043	3.6
166	-0.199376	2.801910	323.809011	0.005670	2.9
167	-0.165844	2.818789	323.579547	0.006195	5.0
168	-0.061549	2.835668	323.350408	0.003703	4.3
169	-0.201990	2.852547	323.121592	0.006262	3.7
170	-0.061856	2.869426	322.893101	0.002412	4.1
171	-0.180877	2.886305	322.664932	0.009792	3.4
172	-0.128132	2.903184	322.437086	0.007350	4.8
173	-0.079782	2.920063	322.209561	0.002122	4.6
174	-0.144163	2.936942	321.982357	0.004090	5.9
175	-0.094455	2.953821	321.755473	0.004199	3.9
176	-0.167623	2.970700	321.528909	0.004926	4.4
177	-0.098606	2.987579	321.302664	0.003591	4.8
178	-0.055542	3.004458	321.076736	0.002174	7.0
179	-0.169343	3.021337	320.851127	0.012752	3.3
180	-0.054207	3.038216	320.625834	0.001316	4.8
181	-0.100215	3.055095	320.400857	0.003163	5.6
182	-0.116474	3.071974	320.176196	0.004174	6.9
183	-0.195363	3.088853	319.951849	0.006652	6.0
184	-0.068986	3.105732	319.727817	0.002164	6.0
185	-0.282991	3.122611	319.504099	0.013136	6.4
186	-0.104722	3.139490	319.280693	0.002370	8.3
187	-0.050114	3.156369	319.057599	0.004050	8.5
188	-0.080693	3.173248	318.834817	0.003468	5.5
189	-0.021168	3.190127	318.612346	0.001151	6.7
190	-0.122243	3.207006	318.390185	0.003875	5.8
191	-0.115265	3.223885	318.168334	0.003487	5.7
192	-0.051501	3.240764	317.946791	0.002553	7.2
193	-0.056498	3.257643	317.725557	0.002162	6.9
194	-0.412540	3.274522	317.504631	0.037934	5.0
195	-0.077348	3.291401	317.284011	0.003852	5.4
196	-0.095115	3.308280	317.063698	0.003888	5.7
197	-0.229042	3.325159	316.843691	0.010171	4.2
198	-0.065638	3.342038	316.623989	0.003719	4.3
199	-0.094084	3.358917	316.404591	0.004756	4.7
