(Transform "BSplineTransform")
(NumberOfParameters 375)
(TransformParameters 0.000000 0.000000 0.000000 0.000000 0.000000 0.000000 0.000000 0.000000 0.000000 0.000000 0.000000 0.000000 0.000000 0.000000 0.000000 0.000000 0.000000 0.000000 0.000000 0.000000 0.000000 0.000000 0.000000 0.000000 0.000000 -0.000264 -0.023833 -0.070867 -0.023537 -0.000402 0.005705 -0.076488 -1.005374 -0.508788 -0.009186 0.018973 -0.166491 -2.272464 -0.741862 0.000085 0.001895 -0.458126 -1.476634 -0.154221 0.007524 0.000033 -0.017131 -0.049407 -0.004780 0.000190 -0.001806 -0.168661 -0.500676 -0.167624 -0.002928 0.054976 0.030755 -6.036094 -3.434928 -0.064452 0.154847 1.192329 -6.290369 -1.644006 0.036321 0.011734 -2.355504 -5.393791 0.987947 0.073106 0.000130 -0.121671 -0.314303 -0.014625 0.001404 -0.000802 -0.076503 -0.224507 -0.074883 -0.001321 0.031887 0.290621 -2.161469 -1.425066 -0.027061 0.081100 1.734649 2.539902 1.477368 0.045139 0.004478 -0.691496 0.213123 1.701942 0.048775 -0.000041 -0.061076 -0.133446 0.004465 0.000754 -0.000007 -0.000646 -0.001567 -0.000425 -0.000007 0.000462 0.009878 0.003707 -0.002429 0.000027 0.001101 0.057466 0.256088 0.128689 0.002369 0.000020 0.003704 0.110998 0.077477 0.001446 -0.000008 -0.001161 -0.001461 0.000540 0.000017 0.000000 0.000000 0.000000 0.000000 0.000000 0.000000 0.000000 0.000000 0.000000 0.000000 0.000000 0.000000 0.000000 0.000000 0.000000 0.000000 0.000000 0.000000 0.000000 0.000000 0.000000 0.000000 0.000000 0.000000 0.000000 -0.000591 -0.023599 -0.051032 -0.007044 0.000336 -0.008366 -0.385968 -0.845320 -0.085583 0.007109 0.003071 -0.417393 -1.302297 -0.157856 0.009689 0.005329 -0.065248 -0.301547 -0.034085 0.002247 0.000213 0.000119 -0.001839 0.000944 0.000078 -0.004866 -0.186220 -0.404211 -0.069037 0.001769 -0.063425 -2.870113 -6.188860 -0.750487 0.040627 0.024872 -3.343708 -9.832931 -1.327456 0.048756 0.042557 -0.627556 -2.642125 -0.454259 0.004663 0.001829 0.001116 -0.029791 -0.003544 0.000184 -0.002537 -0.094409 -0.206255 -0.041472 0.000471 -0.030467 -1.383006 -2.964084 -0.445925 0.012147 0.013315 -1.691913 -4.767454 -0.802585 0.006442 0.021963 -0.324939 -1.407575 -0.373160 -0.006997 0.000997 0.001423 -0.023760 -0.009903 -0.000217 -0.000031 -0.001160 -0.002712 -0.000803 -0.000012 -0.000308 -0.017176 -0.040215 -0.012013 -0.000266 0.000119 -0.024639 -0.065647 -0.026318 -0.001082 0.000260 -0.002815 -0.021567 -0.016413 -0.000739 0.000014 0.000071 -0.000880 -0.000734 -0.000025 0.000000 0.000000 0.000000 0.000000 0.000000 0.000000 0.000000 0.000000 0.000000 0.000000 0.000000 0.000000 0.000000 0.000000 0.000000 0.000000 0.000000 0.000000 0.000000 0.000000 0.000000 0.000000 0.000000 0.000000 0.000000 -0.000168 -0.013838 -0.026478 -0.001753 0.000088 -0.006829 -0.373926 -0.542499 0.010947 0.001633 -0.014873 -0.508070 0.240163 0.501084 0.005260 -0.004408 -0.195904 0.094645 0.232025 0.003035 -0.000136 -0.015358 -0.040063 -0.006267 0.000047 -0.001539 -0.110351 -0.219087 -0.020633 0.000672 -0.060035 -3.099684 -5.331887 -0.491413 0.006408 -0.117585 -4.321125 -2.424536 1.498773 0.002896 -0.031656 -1.430093 -0.492926 0.922352 0.005721 -0.001096 -0.113255 -0.309168 -0.054445 0.000168 -0.000857 -0.055340 -0.113852 -0.013414 0.000333 -0.033413 -1.677192 -3.369554 -0.579577 0.000209 -0.060650 -2.524073 -3.989701 -0.609360 -0.016394 -0.014786 -0.739757 -1.084907 -0.024216 -0.005294 -0.000558 -0.053922 -0.154393 -0.029896 0.000008 -0.000011 -0.000594 -0.001381 -0.000237 0.000005 -0.000525 -0.028739 -0.081986 -0.023504 -0.000085 -0.000895 -0.062709 -0.214252 -0.073072 -0.000760 -0.000168 -0.018171 -0.069350 -0.023280 -0.000303 -0.000006 -0.000695 -0.002253 -0.000495 -0.000000)
(InitialTransformParametersFileName "NoInitialTransform")
(UseBinaryFormatForTransformationParameters "false")
(HowToCombineTransforms "Compose")

// Image specific
(FixedImageDimension 3)
(MovingImageDimension 3)
(FixedInternalImagePixelType "float")
(MovingInternalImagePixelType "float")
(Size 271 333 86)
(Index 0 0 0)
(Spacing 0.4882810000 0.4882810000 1.0000000000)
(Origin -46.9093000000 -77.4416000000 -67.0081000000)
(Direction 1.0000000000 0.0000000000 0.0000000000 0.0000000000 1.0000000000 0.0000000000 0.0000000000 0.0000000000 1.0000000000)
(UseDirectionCosines "true")

// BSplineTransform specific
(GridSize 5 5 5)
(GridIndex 0 0 0)
(GridSpacing 92.2851090000 113.7694730000 60.0585630000)
(GridOrigin -165.5615830000 -223.9259000000 -144.6252260000)
(GridDirection 1.0000000000 0.0000000000 0.0000000000 0.0000000000 1.0000000000 0.0000000000 0.0000000000 0.0000000000 1.0000000000)
(BSplineTransformSplineOrder 3)
(UseCyclicTransform "false")

// ResampleInterpolator specific
(ResampleInterpolator "FinalBSplineInterpolator")
(FinalBSplineInterpolationOrder 3)

// Resampler specific
(Resampler "DefaultResampler")
(DefaultPixelValue 0.000000)
(ResultImageFormat "mhd")
(ResultImagePixelType "short")
(CompressResultImage "false")
