1:ItNr	2:Metric	2:Metric0	2:Metric1	3a:Time	3b:StepSize	4:||Gradient0||	4:||Gradient1||	4:||Gradient||	Time0[ms]	Time1[ms]	Time[ms]
0	-0.025479	-0.053639	0.000005	0.000000	166.660162	0.002972	0.000001	0.008410	7.1	9.5	2998.9
1	-0.029633	-0.052077	0.000004	0.000000	166.660162	0.002983	0.000001	0.007229	6.9	10.1	18.0
2	-0.036341	-0.054248	0.000003	0.000000	166.660162	0.002931	0.000001	0.006272	7.0	10.1	18.3
3	-0.034072	-0.051568	0.000003	0.000000	166.660162	0.002546	0.000001	0.005973	7.8	9.9	18.8
4	-0.043120	-0.056997	0.000002	0.000000	166.660162	0.002876	0.000001	0.005441	7.4	9.8	18.4
5	-0.044943	-0.057097	0.000002	0.000000	166.660162	0.003350	0.000001	0.005419	8.1	8.4	17.6
6	-0.045439	-0.056556	0.000002	0.000000	166.660162	0.002724	0.000001	0.004944	6.8	9.4	17.3
7	-0.042270	-0.052327	0.000002	0.000000	166.660162	0.002734	0.000001	0.004644	7.3	9.8	18.2
8	-0.042654	-0.051464	0.000001	0.000000	166.660162	0.002820	0.000001	0.004636	7.6	9.8	18.6
9	-0.042596	-0.051425	0.000001	0.000000	166.660162	0.002999	0.000001	0.004569	6.9	9.8	17.9
10	-0.039185	-0.047494	0.000001	0.000000	166.660162	0.002657	0.000001	0.004278	7.0	9.0	17.2
11	-0.036157	-0.043952	0.000001	0.000000	166.660162	0.002680	0.000001	0.004227	8.3	10.7	20.2
12	-0.036886	-0.043748	0.000001	0.000000	166.660162	0.002385	0.000001	0.003828	9.0	12.7	22.9
13	-0.039989	-0.046810	0.000001	0.003431	166.632937	0.003307	0.000000	0.004353	9.0	11.2	21.5
14	-0.061605	-0.068201	0.000001	0.003275	166.634172	0.003055	0.000000	0.004270	9.3	13.1	23.6
15	-0.042522	-0.048937	0.000001	0.015930	166.533833	0.002846	0.000000	0.004065	7.9	11.1	20.1
16	-0.047140	-0.053237	0.000001	0.021959	166.486073	0.002705	0.000000	0.003963	8.8	9.9	19.9
17	-0.050281	-0.056320	0.000001	0.024862	166.463086	0.003333	0.000000	0.004387	7.7	10.3	19.1
18	-0.043065	-0.049199	0.000001	0.034287	166.388499	0.002553	0.000000	0.003923	8.0	10.6	19.8
19	-0.049711	-0.054872	0.000001	0.049950	166.264691	0.002416	0.000000	0.003680	7.7	9.4	18.3
20	-0.055260	-0.060573	0.000001	0.055099	166.224030	0.003104	0.000000	0.004004	8.0	9.7	18.8
21	-0.050296	-0.055434	0.000001	0.060865	166.178520	0.003048	0.000000	0.004058	7.4	10.0	18.6
22	-0.047966	-0.052957	0.000001	0.074189	166.073459	0.002950	0.000000	0.004046	9.7	12.4	23.4
23	-0.047816	-0.052890	0.000001	0.086781	165.974282	0.002861	0.000000	0.003971	9.2	11.6	22.1
24	-0.060574	-0.065320	0.000001	0.103494	165.842843	0.003047	0.000000	0.004028	8.7	13.9	23.8
25	-0.047155	-0.051721	0.000001	0.110712	165.786134	0.003287	0.000000	0.004234	10.2	12.8	24.3
26	-0.059286	-0.064017	0.000001	0.124351	165.679100	0.002740	0.000000	0.003791	10.5	10.8	22.7
27	-0.045074	-0.049597	0.000001	0.139286	165.562043	0.002892	0.000000	0.003925	8.5	10.6	20.5
28	-0.046588	-0.050722	0.000001	0.152032	165.462282	0.003257	0.000000	0.004146	8.2	10.7	20.2
29	-0.066366	-0.070957	0.000001	0.162138	165.383260	0.003247	0.000000	0.004131	8.3	12.1	21.5
30	-0.054123	-0.058295	0.000001	0.180712	165.238231	0.003378	0.000000	0.004177	8.4	10.0	19.5
31	-0.051972	-0.056353	0.000001	0.195827	165.120400	0.003054	0.000000	0.003890	10.0	11.9	23.1
32	-0.053333	-0.057452	0.000001	0.205952	165.041562	0.002549	0.000000	0.003619	10.2	11.6	23.3
33	-0.057373	-0.061248	0.000001	0.221432	164.921174	0.002980	0.000000	0.003798	9.7	11.6	22.7
34	-0.055202	-0.059134	0.000001	0.229338	164.859749	0.003117	0.000000	0.003963	10.2	12.6	24.3
35	-0.046866	-0.050517	0.000001	0.248250	164.713018	0.002784	0.000000	0.003627	8.2	11.5	21.6
36	-0.050099	-0.053927	0.000001	0.264064	164.590519	0.002609	0.000000	0.003461	8.4	10.3	19.8
37	-0.051594	-0.055357	0.000001	0.275801	164.499721	0.003025	0.000000	0.003818	7.3	10.2	18.8
38	-0.044206	-0.047840	0.000001	0.288010	164.405384	0.003074	0.000000	0.003942	7.6	10.5	19.3
39	-0.057934	-0.061631	0.000001	0.305278	164.272134	0.003151	0.000000	0.003985	8.2	10.2	19.5
40	-0.049185	-0.053051	0.000001	0.322642	164.138357	0.002482	0.000000	0.003501	7.3	12.3	20.8
41	-0.056953	-0.060901	0.000001	0.339771	164.006609	0.002744	0.000000	0.003598	8.4	10.3	20.1
42	-0.056434	-0.060121	0.000001	0.348577	163.938955	0.003162	0.000000	0.003946	8.9	12.9	23.7
43	-0.048395	-0.051806	0.000001	0.361912	163.836614	0.002789	0.000000	0.003703	9.7	13.2	24.5
44	-0.050572	-0.054121	0.000001	0.382321	163.680238	0.002941	0.000000	0.003801	9.5	11.9	22.6
45	-0.048969	-0.052297	0.000001	0.399499	163.548845	0.002694	0.000000	0.003513	7.6	10.7	19.7
46	-0.052493	-0.055875	0.000001	0.414471	163.434503	0.002906	0.000000	0.003712	7.8	10.2	19.1
47	-0.048111	-0.051644	0.000001	0.428557	163.327070	0.003263	0.000000	0.004076	7.8	10.5	19.4
48	-0.058233	-0.061635	0.000001	0.446014	163.194125	0.003093	0.000000	0.004003	7.5	10.7	19.3
49	-0.048717	-0.052134	0.000001	0.470466	163.008263	0.002920	0.000000	0.003652	8.0	10.6	19.8
50	-0.051326	-0.054778	0.000001	0.486350	162.887759	0.003021	0.000000	0.003745	6.8	11.3	19.2
51	-0.060624	-0.063881	0.000001	0.494068	162.829271	0.003391	0.000000	0.004040	8.8	10.7	20.6
52	-0.057865	-0.061342	0.000001	0.509951	162.709039	0.002885	0.000000	0.003738	9.3	12.2	22.7
53	-0.050778	-0.054056	0.000001	0.531986	162.542529	0.002837	0.000000	0.003711	9.8	13.7	24.7
54	-0.052282	-0.055528	0.000001	0.545507	162.440522	0.002668	0.000000	0.003574	9.0	14.0	24.3
55	-0.068751	-0.071853	0.000001	0.554506	162.372700	0.003103	0.000000	0.003794	10.7	12.4	24.3
56	-0.046027	-0.049112	0.000001	0.566471	162.282619	0.002634	0.000000	0.003458	7.9	10.3	19.3
57	-0.057377	-0.060601	0.000001	0.581208	162.171799	0.003139	0.000000	0.003855	7.4	9.4	18.0
58	-0.052039	-0.055085	0.000001	0.591656	162.093328	0.003389	0.000000	0.004030	8.1	10.6	19.8
59	-0.047458	-0.050713	0.000001	0.606369	161.982953	0.002878	0.000000	0.003762	7.6	9.6	18.3
60	-0.048121	-0.051355	0.000001	0.625704	161.838128	0.002772	0.000000	0.003540	7.8	10.5	19.6
61	-0.051939	-0.055021	0.000001	0.634605	161.771538	0.003171	0.000000	0.003906	8.5	11.6	21.3
62	-0.048238	-0.051347	0.000001	0.645524	161.689934	0.003105	0.000000	0.003892	9.7	12.4	23.5
63	-0.048889	-0.051871	0.000000	0.662384	161.564092	0.002768	0.000000	0.003591	10.4	10.9	22.4
64	-0.066666	-0.069732	0.000001	0.675696	161.464868	0.004084	0.000000	0.004610	9.5	12.1	23.4
65	-0.058994	-0.062187	0.000001	0.685055	161.395181	0.002681	0.000000	0.003541	8.6	10.5	20.3
66	-0.041868	-0.045057	0.000001	0.708585	161.220248	0.002986	0.000000	0.003812	9.4	10.7	21.5
67	-0.046182	-0.049201	0.000001	0.716559	161.161046	0.003753	0.000000	0.004303	7.7	10.1	19.4
68	-0.059508	-0.062549	0.000001	0.739043	160.994367	0.002593	0.000000	0.003663	6.9	10.7	18.7
69	-0.049316	-0.052294	0.000000	0.770869	160.759016	0.003045	0.000000	0.003803	9.0	10.7	20.8
70	-0.058666	-0.061555	0.000000	0.785293	160.652572	0.002929	0.000000	0.003593	8.5	10.2	19.9
71	-0.058121	-0.060964	0.000000	0.798197	160.557469	0.003193	0.000000	0.003937	8.4	13.0	22.9
72	-0.052197	-0.055257	0.000001	0.811713	160.457978	0.002708	0.000000	0.003489	8.5	12.0	21.7
73	-0.063699	-0.066672	0.000000	0.827409	160.342596	0.003251	0.000000	0.003911	9.8	11.1	22.0
74	-0.061828	-0.064793	0.000000	0.838426	160.261706	0.003687	0.000000	0.004398	8.9	11.8	22.0
75	-0.045590	-0.048606	0.000001	0.861079	160.095640	0.002694	0.000000	0.003596	8.7	12.7	22.8
76	-0.046246	-0.049253	0.000001	0.883172	159.934011	0.003006	0.000000	0.003835	12.1	11.1	24.4
77	-0.056431	-0.059086	0.000000	0.895957	159.840623	0.003060	0.000000	0.003664	8.1	10.4	19.9
78	-0.053414	-0.056272	0.000000	0.909847	159.739288	0.002684	0.000000	0.003465	7.8	10.7	19.8
79	-0.054487	-0.057412	0.000000	0.925608	159.624464	0.003272	0.000000	0.003974	9.1	10.9	21.3
80	-0.043402	-0.046279	0.000000	0.939820	159.521066	0.002675	0.000000	0.003406	11.4	13.0	26.1
81	-0.054541	-0.057361	0.000000	0.957845	159.390114	0.002887	0.000000	0.003692	12.7	15.2	29.9
82	-0.061366	-0.064146	0.000000	0.970743	159.296545	0.003428	0.000000	0.003934	10.2	14.1	26.7
83	-0.054575	-0.057577	0.000001	0.988393	159.168677	0.002965	0.000000	0.003837	11.1	14.3	27.2
84	-0.057657	-0.060422	0.000000	1.009406	159.016714	0.003441	0.000000	0.004132	10.1	12.7	24.2
85	-0.053321	-0.056003	0.000000	1.022853	158.919620	0.003061	0.000000	0.003807	8.0	11.9	21.5
86	-0.046878	-0.049779	0.000000	1.042958	158.774671	0.003720	0.000000	0.004317	8.8	11.0	21.4
87	-0.061385	-0.064207	0.000000	1.056069	158.680286	0.003202	0.000000	0.003910	9.6	11.3	22.8
88	-0.053241	-0.056240	0.000000	1.080901	158.501840	0.002798	0.000000	0.003742	8.9	11.3	21.7
89	-0.063946	-0.066705	0.000000	1.096922	158.386921	0.002823	0.000000	0.003556	8.2	13.7	23.7
90	-0.062943	-0.065692	0.000000	1.102598	158.346245	0.003390	0.000000	0.004089	11.5	14.6	28.1
91	-0.064626	-0.067308	0.000000	1.118726	158.230785	0.002965	0.000000	0.003792	10.1	12.5	24.6
92	-0.050922	-0.053638	0.000000	1.139177	158.084618	0.002948	0.000000	0.003658	11.8	12.1	25.2
93	-0.053588	-0.056293	0.000000	1.155381	157.969000	0.002897	0.000000	0.003587	8.2	10.8	20.2
94	-0.063399	-0.066133	0.000000	1.166177	157.892059	0.003163	0.000000	0.003691	8.9	9.7	20.1
95	-0.053294	-0.056022	0.000000	1.176962	157.815278	0.003059	0.000000	0.003821	10.0	10.9	22.2
96	-0.045677	-0.048379	0.000000	1.192825	157.702473	0.002842	0.000000	0.003567	8.7	10.6	20.5
97	-0.048556	-0.051109	0.000000	1.211164	157.572261	0.003254	0.000000	0.003848	9.1	12.4	22.7
98	-0.045085	-0.047692	0.000000	1.221061	157.502080	0.002963	0.000000	0.003592	8.2	11.0	20.4
99	-0.045341	-0.047946	0.000000	1.239169	157.373839	0.002818	0.000000	0.003671	8.8	13.2	23.3
100	-0.053532	-0.056058	0.000000	1.253019	157.275890	0.002770	0.000000	0.003460	10.9	14.4	26.7
101	-0.048117	-0.050650	0.000000	1.265981	157.184331	0.002671	0.000000	0.003386	10.1	13.5	24.9
102	-0.055332	-0.057973	0.000000	1.278230	157.097910	0.003147	0.000000	0.003851	10.1	13.2	24.5
103	-0.048611	-0.051281	0.000000	1.294084	156.986193	0.002871	0.000000	0.003549	8.5	12.1	21.8
104	-0.052400	-0.054930	0.000000	1.310747	156.868946	0.003172	0.000000	0.003775	9.2	10.8	21.2
105	-0.059677	-0.062231	0.000000	1.324530	156.772098	0.002717	0.000000	0.003433	9.0	10.0	20.2
106	-0.041889	-0.044421	0.000000	1.340353	156.661063	0.002508	0.000000	0.003320	7.8	10.0	19.1
107	-0.054572	-0.057001	0.000000	1.353744	156.567216	0.003058	0.000000	0.003687	8.0	10.6	19.7
108	-0.053945	-0.056402	0.000000	1.367501	156.470921	0.003167	0.000000	0.003796	7.7	11.4	20.2
109	-0.045140	-0.047622	0.000000	1.386540	156.337841	0.002695	0.000000	0.003376	9.5	11.3	22.0
110	-0.053842	-0.056344	0.000000	1.400502	156.240397	0.003184	0.000000	0.003818	9.0	12.7	23.0
111	-0.054248	-0.056769	0.000000	1.410540	156.170415	0.002725	0.000000	0.003477	8.4	10.9	20.6
112	-0.058756	-0.061340	0.000000	1.428708	156.043917	0.003249	0.000000	0.003900	9.3	11.5	22.3
113	-0.058264	-0.060822	0.000000	1.436848	155.987302	0.003129	0.000000	0.003895	8.6	10.5	20.6
114	-0.049524	-0.052073	0.000000	1.456890	155.848087	0.003000	0.000000	0.003696	7.6	11.2	19.9
115	-0.055712	-0.058230	0.000000	1.472635	155.738898	0.002714	0.000000	0.003473	8.2	10.7	20.0
116	-0.052112	-0.054619	0.000000	1.485790	155.647786	0.002637	0.000000	0.003314	7.9	8.7	17.7
117	-0.052524	-0.054952	0.000000	1.498469	155.560068	0.003262	0.000000	0.003848	7.8	8.7	17.7
118	-0.053859	-0.056186	0.000000	1.511021	155.473328	0.003418	0.000000	0.003937	7.6	10.3	19.5
119	-0.052982	-0.055523	0.000000	1.524721	155.378768	0.002865	0.000000	0.003612	8.6	11.4	21.7
120	-0.047300	-0.049812	0.000000	1.545885	155.232912	0.002794	0.000000	0.003459	8.7	11.7	21.6
121	-0.047867	-0.050267	0.000000	1.556494	155.159905	0.002779	0.000000	0.003608	10.0	11.9	23.4
122	-0.058815	-0.061293	0.000000	1.569098	155.073253	0.002680	0.000000	0.003374	8.8	11.6	21.7
123	-0.055444	-0.057822	0.000000	1.581749	154.986375	0.002924	0.000000	0.003488	9.3	11.5	22.6
124	-0.061221	-0.063785	0.000000	1.594784	154.896965	0.003564	0.000000	0.004120	9.0	11.4	21.6
125	-0.040966	-0.043426	0.000000	1.610443	154.789684	0.002989	0.000000	0.003655	7.8	10.2	19.2
126	-0.049857	-0.052290	0.000000	1.628946	154.663121	0.002392	0.000000	0.003226	8.1	11.1	20.5
127	-0.054933	-0.057264	0.000000	1.646718	154.541752	0.003958	0.000000	0.004224	7.4	9.9	18.4
128	-0.055523	-0.058088	0.000000	1.658966	154.458214	0.003139	0.000000	0.003844	7.9	12.0	21.0
129	-0.055277	-0.057832	0.000000	1.687526	154.263775	0.003209	0.000000	0.003906	9.1	11.0	21.5
130	-0.051353	-0.053924	0.000000	1.707280	154.129577	0.003394	0.000000	0.004072	8.9	12.4	22.5
131	-0.054459	-0.056945	0.000000	1.722716	154.024873	0.002695	0.000000	0.003433	9.3	12.2	22.7
132	-0.047170	-0.049574	0.000000	1.740429	153.904896	0.002781	0.000000	0.003412	10.3	13.3	24.9
133	-0.061631	-0.064061	0.000000	1.749461	153.843793	0.003153	0.000000	0.003673	9.2	11.2	21.5
134	-0.060402	-0.062820	0.000000	1.757436	153.789886	0.002889	0.000000	0.003574	8.1	8.5	17.8
135	-0.056410	-0.058805	0.000000	1.775361	153.668843	0.002947	0.000000	0.003599	7.5	8.7	17.3
136	-0.050407	-0.052709	0.000000	1.783640	153.613005	0.002715	0.000000	0.003407	7.4	8.5	17.0
137	-0.069210	-0.071585	0.000000	1.800100	153.502105	0.002886	0.000000	0.003473	7.9	10.3	19.3
138	-0.054952	-0.057270	0.000000	1.810994	153.428797	0.002746	0.000000	0.003368	7.8	12.2	21.1
139	-0.059166	-0.061534	0.000000	1.824722	153.336522	0.002847	0.000000	0.003490	8.7	11.7	21.5
140	-0.053136	-0.055489	0.000000	1.837514	153.250630	0.002827	0.000000	0.003461	10.0	11.5	22.7
141	-0.045613	-0.047935	0.000000	1.850225	153.165381	0.002834	0.000000	0.003460	11.1	13.4	26.0
142	-0.046759	-0.049036	0.000000	1.864107	153.072389	0.002418	0.000000	0.003124	10.8	12.8	24.8
143	-0.046941	-0.049248	0.000000	1.874887	153.000251	0.002801	0.000000	0.003273	8.9	12.8	23.1
144	-0.049507	-0.051849	0.000000	1.883633	152.941776	0.002638	0.000000	0.003358	9.2	10.4	20.7
145	-0.047626	-0.049896	0.000000	1.896093	152.858541	0.002622	0.000000	0.003261	8.2	10.3	19.6
146	-0.055017	-0.057284	0.000000	1.905465	152.795999	0.002952	0.000000	0.003526	7.4	8.6	17.3
147	-0.047295	-0.049741	0.000000	1.915360	152.730021	0.002654	0.000000	0.003380	7.2	10.5	19.0
148	-0.055046	-0.057286	0.000000	1.929200	152.637831	0.003046	0.000000	0.003564	7.8	12.3	21.1
149	-0.057222	-0.059536	0.000000	1.942431	152.549805	0.002895	0.000000	0.003499	10.1	12.8	24.2
150	-0.051624	-0.053954	0.000000	1.958627	152.442190	0.002885	0.000000	0.003541	11.5	11.6	24.5
151	-0.049068	-0.051343	0.000000	1.971702	152.355427	0.003022	0.000000	0.003756	9.3	11.8	22.3
152	-0.055840	-0.058121	0.000000	1.989003	152.240764	0.003902	0.000000	0.004283	9.6	12.7	23.5
153	-0.059429	-0.061911	0.000000	2.001610	152.157320	0.003120	0.000000	0.004013	8.1	11.5	20.7
154	-0.050326	-0.052663	0.000000	2.029036	151.976116	0.002788	0.000000	0.003537	8.0	9.6	18.8
155	-0.052380	-0.054633	0.000000	2.041658	151.892860	0.003372	0.000000	0.003902	7.9	9.4	18.4
156	-0.038853	-0.041135	0.000000	2.051668	151.826907	0.002425	0.000000	0.003149	8.6	9.4	19.2
157	-0.048259	-0.050589	0.000000	2.066230	151.731056	0.002631	0.000000	0.003294	7.7	11.3	20.2
158	-0.055066	-0.057343	0.000000	2.069525	151.709386	0.002945	0.000000	0.003595	8.2	12.5	22.0
159	-0.049725	-0.052016	0.000000	2.082032	151.627177	0.002845	0.000000	0.003390	8.7	11.9	21.9
160	-0.047250	-0.049552	0.000000	2.092376	151.559259	0.002822	0.000000	0.003445	8.6	10.6	20.6
161	-0.052586	-0.054794	0.000000	2.108039	151.456530	0.003331	0.000000	0.003800	8.9	11.5	21.8
162	-0.052869	-0.055181	0.000000	2.116613	151.400356	0.003070	0.000000	0.003675	8.4	11.9	21.7
163	-0.051026	-0.053411	0.000000	2.130273	151.310944	0.003273	0.000000	0.003824	10.8	11.2	23.2
164	-0.048123	-0.050460	0.000000	2.143157	151.226705	0.002607	0.000000	0.003295	8.2	10.5	20.0
165	-0.058447	-0.060673	0.000000	2.158829	151.124369	0.002842	0.000000	0.003460	7.2	10.1	18.4
166	-0.059344	-0.061543	0.000000	2.163538	151.093648	0.003119	0.000000	0.003651	6.9	10.0	18.0
167	-0.048510	-0.050723	0.000000	2.173989	151.025505	0.002845	0.000000	0.003429	7.3	13.2	21.7
168	-0.050593	-0.052863	0.000000	2.188739	150.929441	0.002967	0.000000	0.003671	8.2	11.1	20.4
169	-0.050161	-0.052412	0.000000	2.201541	150.846160	0.002812	0.000000	0.003426	9.3	13.2	23.7
170	-0.043883	-0.046158	0.000000	2.214347	150.762948	0.002569	0.000000	0.003314	9.7	12.9	23.9
171	-0.046832	-0.049036	0.000000	2.230779	150.656306	0.003046	0.000000	0.003601	11.3	13.1	25.9
172	-0.045396	-0.047660	0.000000	2.239055	150.602658	0.002735	0.000000	0.003376	8.4	11.3	21.0
173	-0.060387	-0.062610	0.000000	2.255443	150.496528	0.002943	0.000000	0.003595	9.0	10.7	21.3
174	-0.053491	-0.055726	0.000000	2.262899	150.448289	0.003181	0.000000	0.003744	8.4	10.8	20.4
175	-0.059033	-0.061307	0.000000	2.271216	150.394520	0.002466	0.000000	0.003244	7.8	10.7	19.6
176	-0.045271	-0.047444	0.000000	2.283706	150.313844	0.002863	0.000000	0.003388	8.2	10.4	19.7
177	-0.065423	-0.067628	0.000000	2.293714	150.249264	0.003003	0.000000	0.003524	7.6	9.5	18.2
178	-0.056034	-0.058246	0.000000	2.304659	150.178701	0.003079	0.000000	0.003640	6.9	10.4	18.4
179	-0.061855	-0.064164	0.000000	2.318758	150.087897	0.003618	0.000000	0.004162	8.4	10.6	20.2
180	-0.052900	-0.055188	0.000000	2.335096	149.982819	0.002787	0.000000	0.003485	8.5	13.0	22.7
181	-0.059613	-0.061874	0.000000	2.356175	149.847454	0.002978	0.000000	0.003612	9.4	12.4	23.1
182	-0.051834	-0.054013	0.000000	2.364263	149.795584	0.002596	0.000000	0.003305	10.2	13.3	25.0
183	-0.052560	-0.054706	0.000000	2.377357	149.711678	0.002843	0.000000	0.003348	8.4	10.6	20.2
184	-0.055256	-0.057469	0.000000	2.383443	149.672714	0.002877	0.000000	0.003437	7.9	10.0	19.2
185	-0.053305	-0.055489	0.000000	2.393589	149.607801	0.002821	0.000000	0.003465	8.0	10.0	19.2
186	-0.055320	-0.057487	0.000000	2.405749	149.530076	0.002938	0.000000	0.003543	7.7	9.5	18.7
187	-0.047474	-0.049742	0.000000	2.418766	149.446962	0.002747	0.000000	0.003376	7.6	10.1	19.1
188	-0.050384	-0.052597	0.000000	2.432492	149.359421	0.002624	0.000000	0.003302	7.6	10.6	19.5
189	-0.052909	-0.055039	0.000000	2.445018	149.279622	0.003055	0.000000	0.003543	8.6	11.6	21.6
190	-0.041743	-0.043908	0.000000	2.455688	149.211712	0.002604	0.000000	0.003312	9.6	12.7	23.5
191	-0.054820	-0.056965	0.000000	2.474037	149.095077	0.003280	0.000000	0.003720	10.2	12.6	24.5
192	-0.057577	-0.059808	0.000000	2.479990	149.057277	0.002689	0.000000	0.003357	10.3	12.6	24.2
193	-0.055187	-0.057382	0.000000	2.497225	148.947945	0.003008	0.000000	0.003610	9.0	12.6	22.9
194	-0.050360	-0.052485	0.000000	2.510623	148.863068	0.003047	0.000000	0.003601	9.1	10.9	21.2
195	-0.043698	-0.045946	0.000000	2.521288	148.795569	0.002609	0.000000	0.003380	8.3	10.8	20.2
196	-0.052556	-0.054637	0.000000	2.538087	148.689375	0.002987	0.000000	0.003495	8.1	10.4	19.7
197	-0.050824	-0.053000	0.000000	2.546591	148.635674	0.002974	0.000000	0.003493	7.9	10.7	19.8
198	-0.042456	-0.044628	0.000000	2.558682	148.559389	0.002308	0.000000	0.003040	8.8	13.1	23.1
199	-0.046058	-0.048111	0.000000	2.572599	148.471679	0.002694	0.000000	0.003181	9.3	13.7	24.1
