1:ItNr	2:Metric	2:Metric0	2:Metric1	3a:Time	3b:StepSize	4:||Gradient0||	4:||Gradient1||	4:||Gradient||	Time0[ms]	Time1[ms]	Time[ms]
0	-0.200691	-0.200691	0.000000	0.000000	815.221654	0.002615	0.000000	0.002615	5.2	6.9	3493.0
1	-0.191743	-0.191776	0.000000	0.000000	815.221654	0.002185	0.000000	0.002160	5.2	6.5	12.4
2	-0.165720	-0.165814	0.000000	0.000000	815.221654	0.001181	0.000000	0.001148	5.0	6.5	12.4
3	-0.163049	-0.163177	0.000000	0.000000	815.221654	0.001707	0.000000	0.001660	5.1	7.8	13.6
4	-0.186416	-0.186615	0.000000	0.000000	815.221654	0.002795	0.000000	0.002725	5.3	7.2	13.2
5	-0.191584	-0.191971	0.000000	0.000000	815.221654	0.001896	0.000000	0.001813	5.0	7.8	13.5
6	-0.165124	-0.165636	0.000000	0.000000	815.221654	0.002000	0.000000	0.001901	5.3	8.2	14.2
7	-0.187135	-0.187806	0.000000	0.000000	815.221654	0.001518	0.000000	0.001630	5.4	7.4	13.6
8	-0.183289	-0.183812	0.000000	1.000000	778.166124	0.002153	0.000000	0.002089	5.1	7.8	13.7
9	-0.155614	-0.156259	0.000000	1.985954	744.787638	0.001446	0.000000	0.001331	5.0	7.9	13.7
10	-0.188575	-0.189327	0.000000	1.601075	757.470806	0.000816	0.000000	0.000833	5.3	7.7	13.7
11	-0.173567	-0.174290	0.000000	2.530292	727.558094	0.001247	0.000000	0.001152	5.1	7.2	13.0
12	-0.178652	-0.179457	0.000000	2.861624	717.455550	0.000949	0.000000	0.000870	5.2	7.5	13.5
13	-0.175938	-0.176780	0.000000	2.476750	729.217395	0.001331	0.000000	0.001227	5.3	6.9	13.0
14	-0.186311	-0.187245	0.000000	2.091872	741.371460	0.001536	0.000000	0.001540	5.3	7.5	13.6
15	-0.173303	-0.174235	0.000000	1.706995	753.937495	0.002090	0.000000	0.001948	6.0	8.9	15.7
16	-0.193043	-0.194166	0.000000	1.487032	761.312342	0.001819	0.000000	0.001663	7.0	9.7	17.6
17	-0.190866	-0.192191	0.000000	1.102153	774.569568	0.001595	0.000000	0.001628	6.3	8.7	15.8
18	-0.178159	-0.179437	0.000000	2.075855	741.886044	0.002459	0.000000	0.002316	6.2	9.6	16.6
19	-0.197590	-0.199133	0.000000	3.075855	711.071519	0.001631	0.000000	0.001477	6.1	9.0	15.9
20	-0.191423	-0.193101	0.000000	2.690976	722.623453	0.002535	0.000000	0.002352	6.5	9.3	16.8
21	-0.199722	-0.201717	0.000000	2.306097	734.556926	0.001699	0.000000	0.001583	7.0	9.7	17.6
22	-0.186159	-0.188255	0.000000	1.921218	746.891159	0.001436	0.000000	0.001288	7.4	8.9	17.2
23	-0.190192	-0.192405	0.000000	1.536338	759.646682	0.000669	0.000000	0.000631	6.4	8.5	15.7
24	-0.205378	-0.207573	0.000000	1.153510	772.773914	0.000865	0.000000	0.000849	5.8	9.0	15.9
25	-0.196890	-0.199068	0.000000	0.830779	784.198058	0.000659	0.000000	0.000677	6.2	8.5	15.5
26	-0.188846	-0.190988	0.000000	0.477358	797.102453	0.001081	0.000000	0.000957	6.0	8.7	15.4
27	-0.208328	-0.210530	0.000000	0.097835	811.441309	0.001722	0.000000	0.001631	6.4	8.6	15.8
28	-0.209468	-0.211762	0.000000	0.000000	815.221654	0.001548	0.000000	0.001354	5.8	8.5	15.1
29	-0.199914	-0.202383	0.000000	0.000000	815.221654	0.002332	0.000000	0.002104	6.8	9.5	17.1
30	-0.209745	-0.212622	0.000000	0.000000	815.221654	0.001453	0.000000	0.001437	7.0	10.0	18.0
31	-0.203511	-0.206357	0.000000	0.000000	815.221654	0.001280	0.000000	0.001122	6.5	10.4	17.8
32	-0.182945	-0.185948	0.000001	0.000000	815.221654	0.002148	0.000000	0.001881	6.5	10.7	18.1
33	-0.177855	-0.181163	0.000001	0.000000	815.221654	0.001648	0.000000	0.001577	7.5	9.5	18.1
34	-0.200639	-0.204010	0.000001	0.000000	815.221654	0.002711	0.000000	0.002466	8.2	10.1	19.4
35	-0.196891	-0.200755	0.000001	0.691695	789.226232	0.001848	0.000000	0.001677	6.7	8.8	16.7
36	-0.190907	-0.194967	0.000001	0.306816	803.482536	0.001905	0.000000	0.001619	6.5	7.0	14.2
37	-0.199763	-0.204173	0.000001	0.000000	815.221654	0.001456	0.000000	0.001285	6.5	8.3	15.9
38	-0.192583	-0.197127	0.000001	0.000000	815.221654	0.000935	0.000000	0.000750	6.0	8.2	14.9
39	-0.204030	-0.208568	0.000001	0.000000	815.221654	0.002341	0.000000	0.002036	6.4	8.5	15.8
40	-0.197698	-0.202757	0.000001	0.000000	815.221654	0.001220	0.000000	0.000958	6.3	8.1	15.1
41	-0.196035	-0.201216	0.000001	0.000000	815.221654	0.002371	0.000000	0.002062	7.9	10.4	19.1
42	-0.212115	-0.217758	0.000001	0.000000	815.221654	0.002414	0.000000	0.002102	7.3	10.1	18.3
43	-0.212901	-0.219013	0.000001	0.000000	815.221654	0.001206	0.000000	0.001231	7.0	9.2	17.1
44	-0.215773	-0.221846	0.000001	0.998297	778.226356	0.001103	0.000000	0.001029	7.3	8.8	17.0
45	-0.199111	-0.205124	0.000001	0.650598	790.724332	0.001776	0.000000	0.001466	7.3	9.8	18.1
46	-0.184953	-0.191302	0.000001	0.265741	805.034473	0.002021	0.000000	0.001760	8.2	12.0	21.6
47	-0.191649	-0.198213	0.000001	0.000000	815.221654	0.001583	0.000000	0.001264	9.1	10.8	21.0
48	-0.209445	-0.216313	0.000001	0.000000	815.221654	0.002768	0.000000	0.002401	7.6	8.6	17.1
49	-0.202392	-0.209869	0.000001	0.000000	815.221654	0.001691	0.000000	0.001347	6.2	6.9	13.9
50	-0.209577	-0.217444	0.000001	0.000000	815.221654	0.000734	0.000000	0.000680	5.8	8.5	15.0
51	-0.219256	-0.227020	0.000001	0.000000	815.221654	0.001490	0.000000	0.001163	5.6	7.2	13.6
52	-0.217544	-0.225514	0.000001	0.000000	815.221654	0.000988	0.000000	0.000817	5.9	9.5	16.4
53	-0.214386	-0.222237	0.000001	0.000000	815.221654	0.001024	0.000000	0.000715	7.0	9.8	17.6
54	-0.217082	-0.225011	0.000001	0.000000	815.221654	0.001839	0.000000	0.001495	8.0	10.8	19.7
55	-0.192740	-0.201076	0.000001	0.000000	815.221654	0.000877	0.000000	0.000724	7.7	9.9	18.7
56	-0.196067	-0.204302	0.000001	0.000000	815.221654	0.001604	0.000000	0.001427	8.7	10.6	20.1
57	-0.242913	-0.251307	0.000001	0.463496	797.617236	0.001689	0.000000	0.001519	8.0	10.1	19.3
58	-0.226299	-0.234722	0.000001	1.462861	762.131534	0.001033	0.000000	0.001290	8.0	10.4	20.0
59	-0.206139	-0.214121	0.000001	1.078176	775.410749	0.001714	0.000000	0.001318	6.8	9.9	17.5
60	-0.224067	-0.232430	0.000001	2.078173	741.811524	0.002166	0.000000	0.001767	6.2	8.7	15.7
61	-0.209205	-0.217944	0.000001	1.693294	754.392675	0.001739	0.000000	0.001348	6.4	8.4	15.6
62	-0.224183	-0.233305	0.000002	1.308415	767.407943	0.001683	0.000000	0.001654	6.0	8.7	15.5
63	-0.216601	-0.225673	0.000002	0.930320	780.638626	0.001309	0.000000	0.001090	6.5	8.3	15.4
64	-0.208504	-0.217560	0.000002	1.928758	746.645525	0.000854	0.000000	0.001030	5.8	9.4	16.0
65	-0.206592	-0.215455	0.000001	1.544606	759.368100	0.001379	0.000000	0.001081	7.0	10.0	17.9
66	-0.214304	-0.223210	0.000001	1.164652	772.385464	0.002021	0.000000	0.001652	9.0	10.4	20.7
67	-0.203860	-0.213141	0.000002	0.779773	786.034582	0.001238	0.000000	0.001217	7.5	10.3	19.0
68	-0.204158	-0.213353	0.000002	0.394909	800.174207	0.001324	0.000000	0.000976	8.3	10.6	20.3
69	-0.200474	-0.209837	0.000002	0.025447	814.234981	0.001458	0.000000	0.001131	8.4	10.1	19.8
70	-0.205521	-0.215068	0.000002	0.000000	815.221654	0.001623	0.000000	0.001278	8.4	9.6	19.6
71	-0.204367	-0.214192	0.000002	0.000000	815.221654	0.001616	0.000000	0.001261	6.7	9.5	17.1
72	-0.202288	-0.212423	0.000002	0.000000	815.221654	0.001037	0.000000	0.000785	6.8	9.7	17.4
73	-0.199804	-0.209885	0.000002	0.000000	815.221654	0.001617	0.000000	0.001212	6.8	10.5	18.1
74	-0.190439	-0.200809	0.000002	0.000000	815.221654	0.001187	0.000000	0.000928	6.1	8.8	15.7
75	-0.202151	-0.212660	0.000002	0.000000	815.221654	0.001223	0.000000	0.000990	6.3	7.8	14.9
76	-0.198344	-0.208791	0.000002	0.000000	815.221654	0.002343	0.000000	0.001897	7.1	8.9	16.8
77	-0.194415	-0.205595	0.000002	0.000000	815.221654	0.001580	0.000000	0.001680	7.2	10.1	18.4
78	-0.216520	-0.227379	0.000002	0.490649	796.609496	0.000742	0.000000	0.001117	7.5	9.8	18.5
79	-0.217250	-0.227776	0.000002	0.106075	811.124513	0.001185	0.000000	0.001054	9.7	10.2	21.0
80	-0.206806	-0.217176	0.000002	0.000000	815.221654	0.001985	0.000000	0.001816	8.6	10.1	19.8
81	-0.208707	-0.219041	0.000002	0.000000	815.221654	0.001535	0.000000	0.001162	9.1	11.4	21.5
82	-0.190081	-0.200605	0.000002	0.000000	815.221654	0.000689	0.000000	0.000722	7.6	10.8	20.2
83	-0.206919	-0.217330	0.000002	0.000000	815.221654	0.002574	0.000000	0.002175	6.9	9.1	16.8
84	-0.225253	-0.236278	0.000002	0.490391	796.619052	0.000925	0.000000	0.000905	6.4	7.6	14.8
85	-0.215205	-0.226022	0.000002	1.489887	761.215700	0.001947	0.000000	0.001579	5.7	7.9	14.4
86	-0.211396	-0.222647	0.000002	2.303736	734.631325	0.001235	0.000000	0.001152	5.4	7.4	13.5
87	-0.215094	-0.226234	0.000002	3.297719	704.578672	0.001008	0.000000	0.001169	5.7	8.6	15.0
88	-0.212995	-0.223792	0.000002	2.912840	715.918923	0.001141	0.000000	0.001336	6.2	8.2	15.2
89	-0.206233	-0.216875	0.000002	2.571844	726.275573	0.001244	0.000000	0.001571	6.3	9.2	16.4
90	-0.190740	-0.200914	0.000002	2.186966	738.330961	0.001735	0.000000	0.001379	7.8	11.8	21.1
91	-0.195798	-0.206132	0.000002	3.184999	707.862542	0.000934	0.000000	0.001241	8.8	11.6	21.4
92	-0.208019	-0.217981	0.000002	4.184699	679.764118	0.001208	0.000000	0.000994	8.4	10.1	19.4
93	-0.216585	-0.226549	0.000002	4.495865	671.467903	0.002201	0.000000	0.001950	8.1	10.0	18.9
94	-0.214920	-0.225253	0.000002	4.110985	681.759574	0.001593	0.000000	0.001338	7.4	9.3	17.7
95	-0.205127	-0.215466	0.000002	5.110923	655.651065	0.001832	0.000000	0.001424	7.2	9.5	17.6
96	-0.208810	-0.219375	0.000002	4.726045	665.460043	0.001138	0.000000	0.000841	6.5	8.8	16.2
97	-0.211874	-0.222648	0.000002	4.341283	675.563846	0.002514	0.000000	0.002619	6.6	9.0	16.7
98	-0.216224	-0.226705	0.000002	3.957076	685.963962	0.000771	0.000000	0.000965	6.0	8.6	15.3
99	-0.222006	-0.232143	0.000002	3.605740	695.758578	0.000702	0.000000	0.000843	6.2	9.1	16.1
100	-0.218707	-0.228653	0.000002	3.222530	706.765747	0.001088	0.000000	0.000865	7.3	10.2	18.3
101	-0.222231	-0.232196	0.000002	2.866802	717.299893	0.001124	0.000000	0.000785	6.7	10.7	18.4
102	-0.207037	-0.217139	0.000002	2.570060	726.330560	0.001422	0.000000	0.001087	7.0	11.0	19.0
103	-0.237190	-0.247447	0.000002	2.185258	738.385336	0.001364	0.000000	0.001199	8.3	10.3	19.6
104	-0.224532	-0.234841	0.000002	2.562573	726.561344	0.000949	0.000000	0.000883	8.2	9.5	18.7
105	-0.205618	-0.215838	0.000002	2.177730	738.625175	0.000828	0.000000	0.000783	8.6	9.4	18.9
106	-0.213801	-0.223847	0.000002	1.793227	751.085164	0.001130	0.000000	0.000944	7.0	9.4	17.3
107	-0.212837	-0.222767	0.000002	1.413346	763.815203	0.002449	0.000000	0.002109	7.0	9.6	17.7
108	-0.207167	-0.217674	0.000002	1.082369	775.263498	0.001720	0.000000	0.001396	6.7	9.2	16.9
109	-0.209026	-0.219861	0.000002	0.697490	789.015445	0.001904	0.000000	0.001859	7.0	10.2	18.1
110	-0.222879	-0.233587	0.000002	0.312611	803.264078	0.002416	0.000000	0.002137	6.2	8.7	15.7
111	-0.215448	-0.226426	0.000002	1.312611	767.263626	0.000756	0.000000	0.000843	6.9	9.5	17.2
112	-0.200994	-0.211991	0.000002	0.930234	780.641689	0.000658	0.000000	0.000823	7.7	10.1	18.7
113	-0.205501	-0.216220	0.000002	0.545430	794.584049	0.000633	0.000000	0.000666	7.4	10.4	18.6
114	-0.207698	-0.218236	0.000002	0.170245	808.665879	0.000917	0.000000	0.001038	7.9	9.7	18.5
115	-0.209441	-0.219619	0.000002	0.000000	815.221654	0.001204	0.000000	0.000948	7.4	10.2	18.8
116	-0.219305	-0.229485	0.000002	0.000000	815.221654	0.001742	0.000000	0.001463	7.7	10.4	18.9
117	-0.214191	-0.224742	0.000002	0.000000	815.221654	0.001922	0.000000	0.001643	8.2	9.6	18.8
118	-0.202412	-0.213184	0.000002	0.000000	815.221654	0.001032	0.000000	0.001248	8.6	9.9	19.5
119	-0.212086	-0.222520	0.000002	1.000000	778.166124	0.001045	0.000000	0.000779	7.0	9.1	17.0
120	-0.214578	-0.225017	0.000002	1.980726	744.957092	0.000727	0.000000	0.000590	6.4	8.7	15.8
121	-0.200838	-0.211227	0.000002	1.677119	754.930756	0.001724	0.000000	0.001394	6.2	8.1	15.1
122	-0.242206	-0.252816	0.000002	1.349385	766.001140	0.001559	0.000000	0.001951	5.2	8.1	14.1
123	-0.220488	-0.230468	0.000002	2.349385	733.195088	0.001599	0.000000	0.001221	6.1	9.4	16.3
124	-0.223539	-0.233820	0.000002	3.349385	703.083647	0.001323	0.000000	0.000988	6.7	9.8	17.3
125	-0.224172	-0.234542	0.000002	2.964511	714.375311	0.000801	0.000000	0.000918	6.9	8.6	16.3
126	-0.220236	-0.230594	0.000002	3.963087	685.798798	0.000678	0.000000	0.000790	8.2	10.6	19.7
127	-0.223044	-0.233070	0.000002	3.756677	691.516672	0.000947	0.000000	0.001041	7.4	9.4	17.8
128	-0.222236	-0.232268	0.000002	3.372057	702.429629	0.000963	0.000000	0.000932	6.8	9.9	17.6
129	-0.202498	-0.212191	0.000002	3.199009	707.452718	0.001318	0.000000	0.001006	7.2	10.5	18.6
130	-0.200534	-0.210433	0.000002	2.987343	713.695345	0.001912	0.000000	0.001574	6.3	8.8	15.9
131	-0.202979	-0.213196	0.000002	2.602467	725.333272	0.001069	0.000000	0.000977	6.5	8.9	16.3
132	-0.206567	-0.216809	0.000002	2.230494	736.947496	0.001269	0.000000	0.000949	5.7	7.6	14.1
133	-0.202647	-0.213077	0.000002	2.980087	713.911287	0.001156	0.000000	0.000795	5.8	8.7	15.3
134	-0.210302	-0.220707	0.000002	2.595323	725.552880	0.001257	0.000000	0.001081	6.3	8.7	15.8
135	-0.223280	-0.233821	0.000002	2.224652	737.132886	0.000813	0.000000	0.000768	5.8	8.7	15.3
136	-0.209324	-0.219631	0.000002	2.448373	730.099903	0.000804	0.000000	0.000798	6.7	9.9	17.5
137	-0.210237	-0.220403	0.000002	2.064274	742.258550	0.001424	0.000000	0.001067	6.8	10.7	18.3
138	-0.234774	-0.245048	0.000002	1.758088	752.244853	0.001040	0.000000	0.000910	6.9	10.6	18.3
139	-0.206618	-0.216979	0.000002	1.379264	764.978453	0.001625	0.000000	0.001273	7.0	9.3	17.1
140	-0.217219	-0.227911	0.000002	1.153975	772.757696	0.002141	0.000000	0.001753	7.5	10.8	19.2
141	-0.206709	-0.217757	0.000002	0.769096	786.420106	0.000751	0.000000	0.000738	9.1	10.3	20.9
142	-0.227772	-0.238822	0.000002	1.334661	766.506146	0.001922	0.000000	0.001898	9.5	9.4	20.2
143	-0.232291	-0.243186	0.000002	2.331241	733.765282	0.001493	0.000000	0.001126	7.2	9.9	18.0
144	-0.223620	-0.234714	0.000002	3.328498	703.687288	0.001087	0.000000	0.000857	7.1	9.4	17.5
145	-0.218987	-0.230108	0.000002	2.943790	714.993535	0.000906	0.000000	0.000716	6.8	9.4	17.1
146	-0.232160	-0.243236	0.000002	2.559079	726.669096	0.001140	0.000000	0.001524	6.8	9.1	17.1
147	-0.221812	-0.232340	0.000002	2.361710	732.808276	0.001281	0.000000	0.001096	7.5	9.3	17.7
148	-0.223839	-0.234462	0.000002	3.210413	707.119485	0.001183	0.000000	0.000986	9.3	11.2	21.5
149	-0.229217	-0.239796	0.000002	2.825534	718.542318	0.001155	0.000000	0.001039	8.5	11.1	21.0
150	-0.208764	-0.219397	0.000002	3.324453	703.804296	0.000655	0.000000	0.000733	8.1	11.8	21.2
151	-0.237741	-0.248176	0.000002	3.048329	711.885424	0.000911	0.000000	0.000725	8.9	11.4	21.6
152	-0.218977	-0.229468	0.000002	2.675669	723.090630	0.001108	0.000000	0.001345	8.7	9.1	19.2
153	-0.200123	-0.210300	0.000002	3.111570	710.018261	0.000641	0.000000	0.000610	7.3	9.6	18.2
154	-0.220563	-0.230776	0.000002	2.727396	721.514253	0.000852	0.000000	0.000979	7.4	8.9	17.1
155	-0.240944	-0.250885	0.000002	2.343558	733.378132	0.001031	0.000000	0.001303	7.5	9.0	17.3
156	-0.206730	-0.216252	0.000002	1.958679	745.672477	0.001769	0.000000	0.001543	6.2	9.0	16.0
157	-0.211168	-0.220819	0.000002	2.958679	714.549205	0.001118	0.000000	0.000863	7.4	10.3	18.5
158	-0.226162	-0.236000	0.000002	2.585416	725.857653	0.001661	0.000000	0.001919	8.9	11.1	21.1
159	-0.229702	-0.239172	0.000002	2.798500	719.358566	0.001065	0.000000	0.000842	8.8	10.6	20.5
160	-0.203460	-0.212868	0.000002	3.316891	704.023177	0.001093	0.000000	0.000933	7.5	10.7	19.3
161	-0.217934	-0.227477	0.000002	2.933031	715.314937	0.001081	0.000000	0.000851	8.4	10.7	20.1
162	-0.230738	-0.240254	0.000002	2.671339	723.222907	0.001025	0.000000	0.000820	8.7	11.2	21.4
163	-0.238615	-0.248251	0.000002	2.287281	735.150421	0.000839	0.000000	0.000615	7.0	10.1	18.0
164	-0.218044	-0.227631	0.000002	1.903891	747.456181	0.001502	0.000000	0.001672	8.9	9.4	19.4
165	-0.199114	-0.208306	0.000002	2.533240	727.466979	0.000832	0.000000	0.000578	7.7	8.8	17.4
166	-0.216483	-0.225749	0.000002	2.847202	717.889454	0.003142	0.000000	0.002881	6.6	8.5	16.1
167	-0.197193	-0.206956	0.000002	2.466508	729.535686	0.000776	0.000000	0.000749	6.3	8.6	15.7
168	-0.211960	-0.221737	0.000002	2.653971	723.753953	0.001186	0.000000	0.001049	7.7	10.2	18.7
169	-0.223473	-0.233368	0.000002	2.294233	734.931031	0.001939	0.000000	0.001637	10.2	12.3	23.7
170	-0.222370	-0.232563	0.000002	1.909354	747.277934	0.001142	0.000000	0.001013	8.5	17.5	26.8
171	-0.223143	-0.233162	0.000002	2.715527	721.875366	0.000837	0.000000	0.000782	8.1	9.7	18.7
172	-0.225355	-0.235339	0.000002	3.517187	698.271577	0.001055	0.000000	0.000835	8.9	10.9	20.9
173	-0.203583	-0.213689	0.000002	3.132538	709.401338	0.001387	0.000000	0.001078	8.3	11.5	20.8
174	-0.225136	-0.235310	0.000002	2.747713	720.896979	0.001629	0.000000	0.001386	7.8	9.2	18.3
175	-0.194223	-0.204655	0.000002	2.364127	732.732493	0.001028	0.000000	0.001160	8.1	9.6	18.6
176	-0.220948	-0.231003	0.000002	2.661858	723.512707	0.000831	0.000000	0.000965	7.5	10.1	18.4
177	-0.224735	-0.234558	0.000002	2.276979	735.475794	0.001585	0.000000	0.001241	6.8	8.9	16.6
178	-0.217367	-0.227473	0.000002	3.270843	705.358887	0.000490	0.000000	0.000741	7.1	8.8	16.7
179	-0.209668	-0.219509	0.000002	4.264767	677.609833	0.001624	0.000000	0.001437	8.3	10.4	19.6
180	-0.238751	-0.248996	0.000002	5.117881	655.476412	0.001339	0.000000	0.001155	8.1	11.7	20.7
181	-0.193189	-0.203434	0.000002	4.733002	665.280134	0.001661	0.000000	0.001981	8.5	10.7	20.2
182	-0.212837	-0.222415	0.000002	5.659670	642.155540	0.001285	0.000000	0.001074	9.5	11.3	21.9
183	-0.220286	-0.230057	0.000002	6.659670	618.939227	0.001042	0.000000	0.000795	9.8	10.1	21.0
184	-0.230904	-0.240705	0.000002	6.290993	627.300537	0.001052	0.000000	0.001301	7.7	9.8	18.8
185	-0.226912	-0.236340	0.000002	7.249781	606.010181	0.001258	0.000000	0.001075	7.0	9.8	17.6
186	-0.201894	-0.211567	0.000002	8.248459	585.318182	0.001180	0.000000	0.000939	7.7	14.4	23.2
187	-0.225906	-0.235543	0.000002	7.883090	592.722415	0.001026	0.000000	0.001073	8.3	11.0	20.4
188	-0.208319	-0.217765	0.000002	8.872155	573.097410	0.001346	0.000000	0.001031	7.5	10.5	19.0
189	-0.219565	-0.229299	0.000002	9.272494	565.518483	0.000759	0.000000	0.000657	8.5	10.9	20.4
190	-0.210934	-0.220613	0.000002	9.850871	554.916414	0.000768	0.000000	0.000463	8.2	9.8	18.8
191	-0.232708	-0.242278	0.000002	9.544229	560.487366	0.001168	0.000000	0.000950	7.9	10.4	19.2
192	-0.228872	-0.238549	0.000002	9.274346	565.483881	0.001273	0.000000	0.001003	8.4	9.7	18.9
193	-0.229149	-0.238971	0.000002	8.980485	571.026617	0.001654	0.000000	0.001638	7.7	10.2	18.8
194	-0.243362	-0.253120	0.000002	9.935463	553.399008	0.000640	0.000000	0.000685	7.2	9.6	18.5
195	-0.231087	-0.240770	0.000002	10.858875	537.359054	0.002512	0.000000	0.002194	7.0	9.8	17.8
196	-0.214926	-0.224987	0.000002	11.857798	521.022578	0.001397	0.000000	0.001043	7.4	9.6	17.8
197	-0.227989	-0.238276	0.000002	11.472919	527.197899	0.000581	0.000000	0.000463	6.7	9.4	17.0
198	-0.211369	-0.221583	0.000002	11.334357	529.457092	0.000525	0.000000	0.000603	6.5	8.3	15.5
199	-0.246475	-0.256610	0.000002	11.061635	533.960750	0.000907	0.000000	0.000592	5.3	8.6	14.5
